1  2  3  4  5  8  15  17  18  24  25  32  36  74  
1  
3  5  7  15  26  28  36  38  68  
1  4  8  
2  3  5  7  8  9  10  11  13  14  15  16  17  19  28  29  31  42  51  52  58  75  
1  2  3  5  7  8  9  12  14  16  17  18  22  30  32  36  38  39  71  90  166  
1  5  6  7  8  9  11  12  14  15  17  23  27  28  30  48  52  64  
1  5  6  8  11  12  13  14  15  16  17  21  23  27  30  39  41  67  
2  4  5  8  9  10  11  13  17  21  22  23  28  31  40  44  61  80  
1  2  6  10  14  19  23  25  42  51  70  
1  4  5  7  10  12  14  18  19  24  26  38  59  65  
1  2  3  4  5  6  7  10  13  15  17  18  19  22  23  29  41  60  
1  13  16  58  
1  2  3  5  6  8  15  16  21  25  26  34  36  47  57  63  
1  6  7  8  9  10  12  13  14  16  18  19  21  22  24  34  73  
2  6  15  24  41  44  98  
1  4  9  10  11  12  14  16  17  19  21  35  46  50  71  
2  4  7  8  9  10  11  12  16  19  24  25  26  31  32  33  34  35  42  48  96  
4  6  8  38  85  
5  9  16  62  70  
1  2  3  7  8  10  12  13  15  21  30  31  32  40  44  46  52  68  74  86  
9  14  
1  2  3  4  6  8  10  11  15  28  34  73  80  
3  4  5  6  8  10  13  14  15  16  18  20  22  25  28  29  30  
2  3  5  6  7  8  9  10  11  12  14  16  17  20  33  43  64  85  
30  36  
1  2  4  6  7  8  9  11  12  13  14  24  26  28  30  33  34  42  48  51  79  
3  4  5  6  7  8  9  12  13  14  15  20  21  32  34  38  100  187  
2  4  6  7  9  16  37  44  48  58  63  
1  6  8  11  18  24  26  
7  10  17  33  35  63  85  
3  4  6  8  10  11  13  16  19  20  22  23  26  27  28  37  39  48  81  84  
2  5  10  11  13  22  25  29  30  40  45  
5  14  24  
1  3  4  7  8  11  12  14  18  21  22  23  26  27  31  33  51  53  75  94  
1  2  3  5  6  7  9  10  12  13  14  17  19  22  24  27  30  42  43  54  55  57  71  81  102  
1  2  3  5  6  9  14  20  21  22  28  29  31  41  59  71  
1  3  5  10  11  24  37  50  
6  9  22  25  29  54  
3  11  20  22  24  27  34  46  53  55  58  60  70  
2  3  4  5  6  8  11  12  13  14  17  19  21  22  29  30  36  38  41  68  
4  5  7  8  9  10  13  14  18  21  26  27  28  29  31  43  45  50  51  54  57  58  96  
4  5  6  7  9  12  15  19  20  33  39  40  53  57  
1  2  22  32  51  
10  12  
1  2  4  5  7  8  10  12  13  14  15  16  22  24  27  31  32  33  45  55  84  117  
2  3  4  5  6  8  10  11  12  13  14  17  24  26  27  29  31  40  43  44  46  52  74  85  
2  6  9  
4  15  44  45  49  78  
1  4  7  11  26  29  
1  3  9  12  13  14  19  23  24  27  33  43  
1  2  3  5  8  9  10  12  14  17  20  24  27  29  37  39  49  58  71  
1  3  4  5  6  9  10  15  24  27  28  31  33  35  43  48  52  59  65  
1  2  4  7  9  13  21  38  39  52  55  
3  4  6  9  11  17  19  20  22  31  38  42  66  
9  20  45  
1  2  3  6  7  9  10  11  12  14  15  17  19  22  31  
2  3  5  6  7  8  9  10  12  13  17  19  21  28  29  37  40  42  45  48  53  54  57  58  75  81  92  
2  4  5  7  8  9  11  13  14  17  19  24  40  42  55  
32  
2  3  5  6  7  10  11  12  17  21  22  23  24  25  29  31  33  34  37  50  56  
2  5  7  11  14  15  16  17  18  24  27  36  41  42  44  52  76  
2  3  6  8  10  12  13  18  31  42  78  107  108  
3  10  23  24  83  
4  6  7  26  73  
2  4  11  13  14  18  20  24  26  34  36  38  43  51  55  69  72  100  133  
1  4  6  10  29  32  38  48  
2  3  4  6  7  9  10  16  26  33  34  36  39  40  48  66  71  99  
1  2  3  4  5  6  14  15  18  21  23  26  27  31  37  38  50  80  
1  3  27  
1  2  10  12  13  15  17  18  19  23  26  27  38  41  52  68  82  89  
3  5  8  16  18  19  
7  15  41  
1  10  11  25  30  34  40  56  
1  9  25  29  51  110  
4  8  12  13  17  20  30  
4  6  9  10  13  15  17  20  24  26  31  39  46  54  
2  3  4  5  7  10  13  16  31  32  33  34  37  
2  7  9  10  13  15  17  20  23  33  40  43  
1  2  6  10  11  13  14  15  16  17  18  26  32  36  43  45  71  79  
1  3  6  8  9  11  13  14  16  18  20  21  22  25  42  43  51  53  57  
1  3  5  7  9  10  11  12  13  14  15  25  26  28  29  30  37  39  41  103  
1  2  3  4  6  7  9  12  14  15  16  19  20  25  31  42  44  65  91  
2  6  7  11  12  13  15  16  18  19  21  23  24  27  29  30  38  55  58  61  114  117  
10  15  24  41  42  49  
2  9  10  12  18  26  29  31  33  44  45  48  
2  3  5  22  23  
18  19  
1  3  4  5  6  7  10  12  15  18  20  22  28  29  30  31  33  45  48  63  
2  6  9  10  11  12  14  17  23  28  48  49  54  55  59  64  
61  
3  7  10  12  15  17  42  45  
1  3  5  6  7  8  9  10  11  13  14  17  21  24  28  33  35  47  109  
1  2  3  6  9  11  12  14  17  20  35  
4  10  13  22  29  32  34  44  50  
1  3  5  6  7  9  10  11  12  13  14  15  16  17  24  25  34  37  44  49  66  
1  2  5  11  12  33  55  
3  31  36  
1  2  3  6  7  8  9  13  15  17  19  20  21  26  31  35  43  45  49  
1  3  5  6  8  9  16  20  50  53  99  192  
7  10  12  15  16  18  19  28  45  63  73  
1  3  4  5  6  9  10  12  15  18  26  43  56  
1  3  4  5  6  7  10  11  16  17  18  20  21  22  28  33  36  39  47  50  
1  2  3  4  5  7  8  10  11  12  13  14  15  16  17  18  24  26  32  39  49  
5  6  15  19  20  23  26  37  
1  2  8  9  12  29  33  34  
2  5  6  7  8  14  45  74  77  
1  2  9  12  30  36  
6  11  13  24  27  59  
1  3  4  10  14  26  35  47  61  70  92  
1  2  7  8  9  10  11  12  14  16  21  22  23  31  32  36  39  50  116  
2  4  5  6  8  13  14  15  17  19  23  24  29  32  40  62  64  81  
2  5  6  9  11  14  15  17  20  23  49  
2  3  7  8  9  11  14  15  18  24  26  33  35  38  40  56  
5  9  11  12  15  20  22  29  31  55  68  
1  2  9  13  38  60  
33  
1  3  7  11  12  14  17  25  37  38  39  43  51  53  56  
3  6  14  34  54  
1  2  3  4  5  6  8  10  12  14  17  18  19  20  23  29  30  31  36  73  
4  7  8  23  68  
3  4  16  26  
1  2  3  4  6  7  9  13  14  15  17  18  21  23  28  37  41  43  45  57  58  68  
1  2  3  4  5  6  7  8  10  11  13  14  17  20  30  42  55  
6  7  11  16  19  21  
1  2  3  4  5  6  7  9  10  11  12  18  20  24  25  29  30  37  41  46  51  59  
1  2  3  4  5  6  7  8  12  13  15  16  21  24  26  39  80  
1  2  3  4  5  6  7  8  11  12  15  16  18  19  20  25  33  34  51  55  69  78  94  
11  17  22  27  
4  7  9  12  27  28  29  41  43  45  52  59  
9  26  
2  3  5  7  8  10  11  13  16  19  24  29  32  35  41  46  62  122  
1  3  4  5  6  7  8  9  10  12  13  19  20  23  29  36  37  44  
5  6  18  19  31  62  
3  9  18  22  28  36  63  
2  5  11  13  65  75  
2  3  5  9  10  11  18  20  30  31  32  33  35  61  68  69  
1  3  4  6  7  8  9  11  12  17  19  20  21  22  23  25  27  29  31  33  42  137  
3  11  15  17  18  20  24  25  46  53  83  
1  3  7  8  14  38  
3  5  7  13  16  21  22  24  25  26  32  33  48  51  60  73  85  
2  7  9  10  13  15  18  52  
5  14  28  
1  2  3  7  15  16  18  24  34  38  42  58  104  
7  15  16  22  23  27  29  34  39  60  
2  6  8  10  11  14  17  19  22  25  26  27  28  52  58  
22  
4  7  18  38  47  
1  2  3  5  8  9  10  17  21  22  23  24  26  30  41  45  49  53  102  
1  3  22  29  79  
1  2  3  4  5  6  7  8  9  10  15  22  23  24  25  26  31  32  46  47  69  100  
3  5  8  11  13  22  29  44  54  
2  5  6  9  14  15  20  29  32  36  48  
1  2  3  5  6  7  8  12  15  17  18  19  21  24  25  29  33  35  36  38  46  48  51  53  63  
1  2  3  6  8  9  11  12  14  16  17  18  19  24  27  29  30  31  46  51  
1  3  4  5  7  8  10  13  17  20  21  22  25  30  
7  13  14  28  
1  2  3  5  8  9  12  14  18  35  51  
1  3  10  12  13  17  19  26  28  34  38  48  
1  2  5  9  11  13  21  24  25  28  30  46  
4  15  34  94  
2  3  4  8  10  13  14  15  18  19  37  43  51  
2  3  5  7  9  10  13  15  18  42  45  46  48  51  
4  6  7  9  10  11  27  28  30  31  36  37  38  
3  11  12  17  21  27  28  33  46  
4  12  23  30  36  73  
1  3  5  6  10  11  15  16  17  20  25  27  28  30  38  40  44  64  67  70  75  
2  3  4  8  11  17  19  24  25  37  40  48  64  69  
3  6  11  13  20  22  31  
1  2  4  6  7  8  10  12  13  19  21  23  26  27  35  39  71  72  
1  4  5  7  8  11  13  16  17  23  30  41  42  79  
1  2  3  4  5  7  9  10  11  12  17  19  21  22  24  26  27  28  33  35  46  49  55  59  67  
1  3  7  9  10  19  21  31  41  
1  4  5  6  8  10  12  15  16  17  18  21  25  33  45  51  62  76  95  98  100  
1  2  3  4  5  6  7  11  13  16  17  20  28  36  55  
2  3  5  6  8  10  11  12  15  18  23  25  28  50  
1  4  5  6  7  8  12  13  14  15  25  28  32  46  47  
1  4  5  7  8  9  10  11  12  15  17  18  20  27  32  40  42  96  
2  3  
1  2  7  8  10  11  12  14  16  19  21  22  24  32  36  37  52  191  
1  12  23  49  
1  2  3  4  7  10  11  12  17  18  20  21  25  28  29  40  61  71  
4  5  6  7  9  11  14  15  19  22  35  38  56  
1  3  6  12  13  16  18  20  23  31  35  41  
1  3  4  5  6  8  9  10  11  12  13  15  21  25  26  31  32  64  
1  2  3  4  5  7  9  14  15  16  17  19  21  24  33  38  56  57  59  
1  8  89  
4  
1  2  4  5  10  12  14  28  31  34  
2  3  5  7  8  18  21  24  32  43  
4  8  9  10  16  29  37  126  
8  12  
1  3  5  7  8  9  11  12  14  15  16  17  18  24  25  26  27  36  54  
1  2  3  4  6  8  9  10  11  15  17  19  21  24  29  31  32  38  49  74  
1  2  4  6  17  22  26  27  28  29  30  
1  4  5  8  11  14  17  18  23  26  29  33  39  47  61  
1  2  3  4  5  6  7  9  11  14  15  21  22  25  27  31  35  50  56  60  63  64  87  
3  13  37  105  
8  11  14  15  25  26  65  72  
2  5  6  7  8  10  12  17  20  21  29  33  41  42  53  56  78  83  103  
1  4  5  9  15  18  29  
1  2  4  5  6  8  9  10  13  14  15  17  23  27  28  41  42  46  51  56  100  
5  12  16  17  57  126  
2  3  4  6  9  10  14  16  17  18  23  30  34  
6  
13  17  
4  5  7  8  9  14  15  17  20  22  23  26  46  51  53  
2  3  10  12  13  18  19  25  27  40  99  
4  6  9  11  14  15  19  21  22  24  26  30  39  41  43  54  
7  12  22  
2  3  4  7  8  9  10  11  12  21  23  25  27  50  109  
2  9  12  16  17  19  21  23  52  71  
2  4  5  6  8  10  11  12  14  17  20  22  32  35  45  63  80  
17  26  46  
6  7  12  13  14  18  20  22  26  29  35  42  84  
1  8  11  12  18  26  33  55  63  
1  2  6  8  9  12  17  19  20  21  22  33  42  43  44  
3  5  6  12  13  14  16  21  22  26  29  43  
1  2  3  4  5  6  7  9  10  13  18  19  21  22  32  41  47  53  61  66  
3  10  12  13  14  16  26  
1  2  3  4  5  6  9  12  13  15  17  24  25  32  33  34  44  46  52  71  
1  4  6  11  
1  2  3  5  6  7  9  13  16  18  26  27  28  32  36  37  43  46  65  120  
4  7  22  
4  8  9  20  40  
1  2  3  4  6  7  14  16  20  24  25  27  36  40  50  
2  3  8  9  13  14  16  20  21  25  32  45  46  58  78  132  
2  11  14  19  32  33  35  36  58  
1  2  5  8  10  11  12  13  14  18  25  26  36  39  47  58  90  
1  2  3  4  6  9  14  15  22  26  
1  2  4  7  8  13  16  17  21  22  25  27  38  
4  20  21  24  34  94  
1  2  5  6  7  8  9  10  12  13  14  16  25  26  29  35  38  39  40  53  
1  2  3  5  8  9  10  11  13  26  31  34  71  83  
8  10  13  15  16  19  21  22  29  50  
2  4  9  15  
1  2  3  4  5  13  15  18  19  20  63  68  85  
1  2  3  5  7  8  9  10  13  16  18  20  22  24  25  26  32  33  40  48  49  
2  4  5  6  7  8  10  14  17  19  20  21  25  30  31  74  
5  8  11  12  14  16  17  18  21  23  29  30  33  36  37  38  44  50  62  82  133  
2  6  8  9  10  11  12  17  19  21  25  28  41  
2  3  8  9  10  13  15  16  17  20  36  45  
2  10  17  45  
1  2  3  4  6  8  9  11  13  14  23  24  26  35  36  56  57  68  92  
2  3  4  7  9  13  19  21  27  29  32  35  36  
1  2  18  31  38  
11  13  27  50  71  
1  2  4  9  10  17  20  23  24  32  40  47  
1  2  3  5  6  8  9  13  15  17  20  21  25  26  27  35  39  42  43  44  74  100  117  
1  2  8  9  15  18  20  23  27  29  44  48  57  69  
2  3  5  9  11  14  18  22  26  
4  6  9  10  11  12  14  18  20  21  24  26  27  28  30  36  41  45  47  54  61  
2  5  6  8  9  10  21  22  25  26  29  30  31  32  41  47  53  55  89  
7  8  21  24  29  31  93  
1  3  5  6  8  9  11  13  14  16  20  21  22  23  27  28  32  38  47  48  49  
6  7  8  24  34  37  38  39  41  43  53  56  58  66  85  98  
1  3  6  7  16  17  18  19  25  29  38  49  75  85  
2  3  4  5  6  7  16  17  22  26  47  61  63  
20  25  28  29  32  77  
2  5  6  7  13  15  18  22  25  33  42  
1  4  5  6  7  9  10  11  13  15  18  20  23  44  58  60  68  73  
1  2  11  18  22  24  39  45  66  
1  2  5  12  13  15  22  26  31  34  
22  
1  8  11  14  17  21  34  37  48  60  
38  
2  3  4  5  6  8  11  12  18  19  20  22  29  30  31  32  33  42  45  62  71  
3  6  8  9  10  15  16  17  18  21  26  27  32  33  37  60  
1  7  9  10  11  12  17  19  20  54  68  
2  3  4  5  12  14  17  18  21  23  25  26  29  30  31  40  77  78  80  
2  3  4  5  6  7  8  9  11  14  15  19  26  47  68  91  
3  4  6  7  9  14  16  27  31  32  38  42  49  63  
6  22  36  
1  4  8  12  25  30  33  
4  5  6  11  21  23  33  38  44  51  
2  8  19  22  34  
2  3  4  8  10  13  14  15  16  17  23  26  28  31  41  55  75  83  179  
1  2  3  6  7  8  9  11  12  16  17  22  25  35  36  42  57  73  
2  5  6  8  12  14  15  32  
1  2  4  5  6  8  10  13  15  16  17  30  32  33  41  54  82  89  
4  7  23  37  59  
1  11  17  27  
1  2  3  6  8  9  12  13  14  15  16  17  19  22  31  36  39  49  55  58  82  
36  
3  7  9  11  18  23  41  
7  15  27  28  31  32  34  
2  4  6  9  10  15  23  24  25  40  44  
2  5  7  8  12  13  14  16  17  18  21  24  26  31  44  60  
2  3  4  6  8  9  11  12  14  16  17  22  27  30  33  45  48  53  60  79  
48  
1  5  7  9  10  11  12  13  14  16  19  23  25  29  35  39  40  51  74  
1  4  6  7  9  10  12  14  15  17  18  21  31  35  42  46  
15  24  38  
5  9  14  22  
1  2  3  5  9  10  11  20  23  28  35  38  55  57  87  
1  2  5  6  9  10  13  14  15  17  18  19  21  23  26  30  50  58  61  71  90  
1  2  4  5  6  8  10  14  15  18  19  22  27  31  34  41  51  108  
1  2  3  4  5  8  9  10  12  15  16  18  20  22  24  41  43  51  83  
5  6  7  15  17  20  21  26  27  28  31  34  41  69  74  
2  4  6  7  8  9  22  56  65  
3  4  6  8  13  14  16  23  30  35  47  61  62  
31  40  
1  2  3  4  5  6  8  11  13  18  21  23  24  32  36  47  48  53  68  74  
1  3  4  5  6  7  9  11  12  13  15  16  22  37  39  54  
2  4  7  11  13  30  35  41  48  66  69  78  83  
1  3  5  6  8  11  16  17  18  20  22  26  27  32  52  
5  7  12  14  16  21  23  26  31  37  53  
10  
8  9  12  13  17  24  25  30  34  41  42  45  48  
2  5  6  7  9  10  13  18  24  28  49  56  
1  2  4  11  18  20  21  39  46  59  
1  2  3  4  6  7  8  13  15  17  20  23  25  29  33  55  59  
2  3  4  10  19  22  36  47  141  
1  3  4  6  7  9  10  11  12  13  14  25  26  27  28  30  32  34  35  39  40  49  58  70  110  
1  3  9  11  13  14  16  26  31  35  38  
1  2  3  5  6  7  8  9  10  11  12  13  14  16  18  27  28  40  43  45  52  56  
1  2  3  4  6  7  8  9  10  12  13  14  15  17  23  24  29  31  37  46  
1  2  4  6  7  10  12  15  17  23  29  35  45  46  79  
2  3  4  13  27  36  38  45  63  
2  3  5  6  8  10  11  13  15  17  23  27  28  31  33  36  43  47  67  73  
1  10  
1  2  3  4  7  10  11  15  16  18  23  24  29  33  54  83  89  
2  8  11  108  
2  6  8  9  13  16  20  26  57  
2  4  6  7  8  10  12  13  14  15  23  24  25  29  37  45  79  90  
2  3  8  9  11  14  15  25  26  30  31  38  54  94  
1  2  6  7  8  9  10  13  14  19  20  26  29  36  47  53  54  60  78  
3  5  6  7  9  11  12  15  16  18  21  22  24  25  31  37  39  40  60  
1  2  9  20  30  33  40  55  74  
1  2  5  7  10  12  13  14  16  34  38  
1  2  3  5  6  8  9  10  15  18  19  24  31  32  36  41  49  57  58  61  65  
3  4  5  6  7  11  12  15  16  17  18  19  20  24  26  29  30  51  67  
1  4  9  10  11  12  13  16  19  22  23  28  32  42  47  49  56  74  
12  25  
1  2  5  6  7  8  10  12  13  15  17  18  20  23  26  29  35  40  65  
1  4  5  6  8  11  12  18  19  20  22  23  29  30  31  33  34  37  39  63  78  84  115  
1  3  5  7  9  11  12  15  18  27  31  42  43  50  80  
2  9  12  14  17  23  24  84  
1  2  5  7  8  13  16  17  19  23  32  38  39  51  
3  4  5  10  12  13  17  20  127  
12  19  40  59  
1  4  6  9  10  13  16  18  22  23  33  39  58  
1  2  7  8  9  10  11  20  34  56  72  
6  15  20  25  34  
1  2  4  6  8  11  13  14  16  18  19  21  26  37  39  40  41  44  50  70  107  
5  9  10  13  26  38  47  
1  2  3  4  6  7  8  9  11  15  16  24  26  27  28  75  
1  2  4  5  6  8  10  11  12  13  14  16  20  22  24  26  32  34  37  40  41  43  58  76  
2  3  4  5  7  9  10  12  16  17  19  20  21  31  35  45  46  54  71  
6  7  24  39  
1  2  5  7  8  11  12  13  15  19  22  23  34  36  38  51  71  
1  2  3  4  6  8  9  11  13  14  17  20  23  24  28  31  34  37  48  51  58  61  
2  3  4  5  7  8  9  19  20  25  26  28  31  40  55  90  
5  13  37  70  
1  2  3  6  7  8  9  13  15  16  17  19  21  22  25  33  36  47  53  54  57  69  
1  5  12  15  17  18  20  27  29  39  47  52  72  127  
1  4  7  8  9  11  18  22  24  28  45  49  56  64  
2  5  8  9  11  17  20  24  35  65  67  127  
2  3  4  8  11  19  20  25  26  34  35  126  
1  3  4  5  7  8  9  10  11  15  18  19  22  23  26  31  37  41  44  53  55  70  72  91  
1  2  3  5  8  9  10  11  18  20  23  24  27  28  30  36  37  45  57  58  
6  9  24  44  
1  2  3  4  5  6  7  10  11  12  16  18  19  20  36  38  51  54  59  
6  11  
11  12  13  27  35  64  
2  3  4  5  7  8  9  11  16  20  36  52  70  
5  10  23  
2  3  5  8  11  13  17  18  22  26  48  59  101  
2  3  4  5  8  10  13  19  34  
1  3  5  7  10  11  21  23  26  29  38  
1  5  8  10  11  12  13  14  17  18  24  25  30  31  33  37  38  43  54  
2  6  10  12  13  14  19  24  26  31  36  53  83  121  
6  12  
2  4  5  7  8  10  11  12  23  29  36  40  51  58  105  
2  4  7  9  10  11  16  17  24  25  27  48  70  92  
3  5  8  9  10  12  14  23  25  31  58  72  
2  3  5  6  7  8  9  19  20  21  24  33  35  37  46  
1  2  3  5  6  7  8  10  11  15  16  18  23  24  27  28  29  31  42  48  58  60  62  69  
2  3  4  5  11  12  16  20  21  43  54  58  68  
1  3  4  7  13  14  25  27  37  40  69  82  
3  9  16  20  
2  6  8  9  14  26  34  51  62  
1  2  3  5  6  8  9  10  11  12  13  14  17  25  35  37  47  53  56  69  
1  2  3  4  5  7  9  10  11  12  14  15  19  25  29  40  45  54  67  
1  4  5  6  8  11  12  13  15  18  21  26  27  28  43  52  67  
1  6  9  13  20  21  22  24  29  33  48  
3  5  12  14  21  22  
4  15  23  24  50  52  
4  8  10  12  17  18  23  24  27  29  52  62  
2  4  6  7  8  9  10  12  14  23  24  25  26  27  28  30  42  50  60  66  
1  3  14  21  25  29  41  55  
8  10  14  19  25  41  54  
3  12  
3  6  9  10  13  18  21  25  27  30  52  76  
4  5  6  9  10  24  26  27  29  33  39  44  61  62  
1  3  4  6  7  8  12  15  18  23  26  27  29  33  54  
8  21  29  65  
1  4  13  14  16  19  28  38  
2  3  16  25  
2  3  4  6  8  10  13  18  20  24  29  31  32  39  58  61  86  
1  2  3  4  5  7  8  10  17  25  29  30  34  39  
2  3  5  6  9  11  16  19  20  24  25  33  39  45  70  
1  3  4  5  7  9  10  14  32  33  34  38  44  66  
1  2  3  4  9  10  12  20  23  26  29  30  40  65  67  98  
1  3  5  6  7  9  10  13  14  16  17  22  27  29  30  38  43  56  57  58  74  
14  20  
7  
3  6  8  9  10  18  35  36  37  47  
4  8  11  15  21  27  31  52  
2  4  6  13  19  46  61  
1  5  6  9  12  15  16  19  20  22  24  30  34  36  40  41  43  46  
1  2  3  4  7  8  11  13  14  15  16  17  18  34  48  58  60  61  
4  5  6  7  13  16  24  31  38  52  
3  5  7  11  15  16  19  28  39  60  
3  4  11  19  22  26  55  57  64  
36  
1  2  3  4  6  8  9  10  11  12  14  16  18  19  20  21  22  24  26  45  59  88  
1  3  5  12  13  14  16  17  28  29  30  42  47  56  79  91  
3  33  38  57  
1  2  5  6  9  10  11  14  15  17  18  24  31  32  37  38  39  43  51  54  
9  13  16  31  50  
3  9  23  24  28  43  
1  4  9  10  11  12  23  27  32  
2  5  10  16  18  
1  4  6  7  8  9  11  13  14  15  17  18  26  32  38  39  42  50  
2  7  15  20  22  25  71  
3  4  5  12  13  15  20  23  27  28  31  48  55  56  63  
5  16  25  
3  6  7  8  12  16  17  19  21  25  27  29  34  37  38  39  40  52  56  93  
3  5  7  15  19  
1  2  3  4  5  6  8  9  10  12  16  17  18  19  35  57  69  
4  20  32  44  
1  2  8  26  29  37  38  50  52  53  56  74  124  
7  11  12  13  14  21  27  48  107  
70  
4  5  6  9  11  12  13  20  24  27  36  
1  6  12  13  15  20  23  25  30  31  45  77  84  
2  3  6  7  10  12  13  14  15  21  33  35  41  77  80  
1  2  5  8  9  13  15  17  18  19  22  28  30  32  34  36  40  42  45  54  74  
1  2  3  4  5  6  7  8  16  20  23  24  36  43  44  45  46  146  153  
3  4  9  10  11  15  18  28  33  34  35  60  
1  2  3  5  6  9  12  14  15  17  18  19  21  28  29  35  39  41  47  59  
1  5  6  7  9  10  16  17  19  21  22  29  30  32  33  35  43  
1  6  10  11  12  13  15  21  22  
2  4  5  7  9  11  13  14  15  18  25  27  32  34  62  66  84  
1  2  3  5  7  8  9  10  12  17  18  19  20  22  25  29  46  80  
39  
1  2  3  4  5  7  9  10  11  12  14  19  21  24  27  28  29  43  44  45  49  52  62  78  
2  3  14  39  40  
7  
1  2  4  5  9  12  14  16  19  20  21  23  25  28  29  34  35  37  44  50  92  
2  3  4  9  10  12  16  21  22  26  33  46  55  57  66  
1  3  5  6  7  8  9  11  12  13  15  17  18  22  23  26  33  38  71  83  
1  2  3  4  5  7  8  11  12  13  15  17  21  23  25  32  38  42  54  64  77  101  
1  3  4  6  8  11  12  18  21  22  29  41  60  
6  7  17  18  21  24  28  
7  10  
24  31  33  70  
5  10  176  
1  2  3  7  11  12  15  26  27  28  33  
2  12  20  55  
1  2  4  5  7  8  10  12  13  15  16  19  24  26  34  35  38  44  
2  6  7  10  14  19  25  26  27  31  37  41  45  48  51  53  65  76  101  
1  2  4  5  11  15  17  20  21  30  31  33  34  35  36  39  
1  2  3  5  6  9  11  12  13  14  16  17  18  19  21  24  28  49  84  121  
4  5  6  8  10  12  13  18  19  20  24  31  38  44  50  
1  2  3  5  6  7  8  9  10  12  15  16  17  19  21  24  27  30  33  34  37  44  70  73  
1  2  3  4  5  6  7  10  11  13  14  15  20  21  22  43  71  83  
1  3  4  7  9  12  13  14  15  32  38  61  65  74  
1  3  4  5  7  10  11  14  18  20  25  32  33  34  37  41  
1  2  3  5  6  7  8  12  14  29  47  84  103  
1  2  10  20  43  84  88  
2  3  4  6  9  11  13  14  15  16  19  20  22  23  25  27  29  30  32  57  
1  2  3  5  7  8  10  11  16  17  18  19  22  26  29  31  36  44  46  50  55  87  
2  3  5  6  7  8  9  12  13  15  16  17  18  19  21  25  29  33  34  52  77  
1  4  5  8  9  11  12  22  28  32  
1  2  4  5  6  9  11  12  13  17  18  19  21  41  46  61  62  69  91  
4  15  29  38  93  
16  32  
1  6  7  10  12  17  18  20  21  23  
1  2  4  5  7  8  13  14  16  20  21  26  27  28  35  43  44  49  62  
1  3  4  5  6  7  8  11  12  15  18  22  23  24  26  27  28  30  38  41  44  46  52  
12  
3  8  11  13  19  22  28  29  37  44  59  65  
1  2  5  7  8  9  11  15  23  36  40  48  
1  2  3  4  7  8  9  10  14  17  33  45  61  
1  3  11  12  20  21  41  51  74  83  89  
1  3  6  7  9  13  14  15  17  23  28  30  40  42  61  68  
1  2  3  6  8  10  12  14  15  16  17  21  24  26  28  32  35  36  41  48  54  55  64  
1  2  3  4  5  7  8  9  10  11  14  16  17  18  21  27  31  35  42  54  68  
1  2  3  4  5  7  11  14  25  26  40  44  52  53  67  
2  3  5  10  12  19  29  31  63  74  
2  3  4  5  6  7  8  9  11  13  15  17  24  29  35  37  38  39  49  54  74  
1  2  4  6  10  11  17  20  21  24  30  66  74  
1  3  13  14  24  28  32  37  40  43  49  
1  2  4  18  55  
2  3  5  6  7  8  10  15  16  20  22  24  27  28  29  31  32  36  41  50  84  131  
3  4  8  10  13  14  15  19  23  24  27  28  30  33  35  37  63  
2  3  4  7  8  10  11  20  22  24  28  33  42  79  92  
2  4  6  7  8  9  18  23  24  37  43  48  
1  3  10  
1  4  5  19  29  30  
1  3  6  8  11  19  20  21  24  28  31  34  
1  4  5  7  8  9  14  17  20  22  47  61  85  
2  4  8  9  10  11  12  13  14  18  25  30  33  37  39  40  48  64  75  80  113  
9  
3  4  6  7  8  10  13  14  18  25  31  34  36  47  49  58  
1  9  11  14  22  34  64  
3  4  5  6  8  10  13  17  21  28  34  38  43  51  52  65  
1  2  3  5  8  9  10  12  14  16  18  21  26  37  38  41  59  
3  5  60  
1  10  11  31  40  64  
2  4  5  6  7  9  11  12  14  24  29  33  45  47  67  
5  6  7  11  12  15  18  20  21  23  24  30  34  35  44  66  77  
1  3  4  9  12  18  21  24  28  94  
1  3  4  5  7  10  12  13  19  20  24  25  26  27  32  35  36  45  50  96  107  122  
4  
2  4  6  8  30  58  62  
1  2  3  4  5  7  8  9  10  15  19  20  23  29  40  58  62  74  
2  3  5  6  7  9  10  14  21  26  27  32  65  
1  2  3  4  8  9  10  12  17  18  22  24  27  29  34  40  44  49  53  76  
6  8  11  19  33  49  
1  3  4  6  7  10  15  18  29  44  51  59  67  
4  
1  2  3  4  7  8  12  15  16  17  19  22  24  30  33  48  74  
33  
1  2  3  5  7  8  9  17  19  21  22  23  28  30  34  35  40  46  59  
26  
4  11  19  
1  3  4  8  9  11  18  53  
1  4  6  10  11  14  15  16  17  20  22  23  26  27  32  33  37  49  51  57  
4  7  13  14  18  27  33  79  
1  2  3  4  5  6  7  10  18  19  21  23  25  30  32  42  43  48  51  55  74  
1  2  3  4  5  6  7  9  10  18  22  29  34  157  
1  2  3  5  9  21  23  28  29  30  34  37  39  53  91  
5  9  13  16  18  21  50  66  90  
4  5  6  12  20  23  25  29  31  32  54  
5  14  28  65  
2  7  9  10  11  16  17  19  23  24  60  61  76  192  
1  2  3  4  5  7  8  9  10  11  14  17  18  19  21  30  38  46  52  62  64  100  199  
2  3  4  5  6  8  9  11  13  18  20  21  22  23  28  29  32  77  
6  10  11  16  17  20  22  31  47  57  82  131  
2  4  9  10  15  20  24  25  27  35  
2  4  5  6  7  8  9  10  11  12  13  16  18  20  21  23  30  36  37  46  64  68  105  
5  10  11  14  15  18  22  26  32  34  38  42  45  46  72  
3  4  5  6  7  10  11  13  16  19  20  21  22  24  26  29  31  33  38  54  66  113  
89  
2  3  4  6  8  9  11  13  32  34  35  
1  3  6  13  108  
5  6  8  9  11  13  15  17  20  24  39  69  
6  8  18  21  23  26  27  38  68  
4  6  7  9  17  32  46  
2  4  5  7  8  9  10  12  15  16  29  38  59  
6  10  11  18  25  34  47  
1  4  5  6  7  11  15  16  17  23  33  57  62  
1  2  3  5  6  7  9  20  22  24  32  33  35  37  41  46  62  70  
8  9  14  20  33  38  44  
2  4  6  7  8  9  10  12  14  15  17  20  23  25  28  29  34  37  39  43  
1  2  3  4  5  7  10  11  12  16  18  21  25  27  28  31  39  43  48  50  60  67  
3  4  6  7  10  12  14  17  20  22  29  42  44  56  
4  6  10  13  25  27  30  37  44  58  158  
6  
4  5  8  9  10  12  18  21  23  24  26  32  33  39  41  45  46  47  48  
2  4  5  6  7  8  9  10  15  26  28  29  30  34  37  39  40  62  63  66  
6  9  10  15  18  20  22  23  52  55  
1  2  3  4  8  9  11  14  16  18  19  22  23  26  28  32  37  
5  6  10  14  15  16  17  20  22  26  27  28  40  43  
3  5  7  9  16  28  39  81  
2  7  8  11  13  14  15  16  18  19  21  23  25  26  29  34  35  37  120  
1  3  4  5  7  9  11  30  33  43  47  109  
4  72  
2  3  4  9  12  14  15  25  35  36  
1  4  6  7  9  11  13  14  15  19  21  23  48  73  
5  7  10  12  13  14  15  16  28  33  36  39  48  
1  2  4  7  8  9  10  12  13  16  17  19  29  37  48  
2  3  5  9  10  12  14  19  20  22  27  29  31  32  38  67  
2  3  5  9  10  14  16  19  20  21  23  27  49  
1  2  4  6  7  8  10  11  13  15  16  17  20  21  22  32  34  55  
1  2  3  4  5  6  9  10  11  12  13  15  17  22  26  27  30  44  61  96  
1  2  3  4  5  7  12  18  19  22  24  26  29  43  45  46  57  60  61  73  
5  7  13  37  
1  2  3  4  5  6  7  8  9  10  12  13  18  20  23  25  29  37  40  46  48  53  67  
2  4  8  9  12  13  16  29  37  
1  2  3  5  6  7  9  11  12  13  16  18  19  26  27  30  39  57  62  66  68  
2  3  4  6  7  8  12  16  18  19  22  30  36  38  41  47  
2  3  7  10  11  12  16  22  23  30  34  46  50  52  77  
1  2  3  6  7  9  11  12  13  14  16  18  19  20  22  28  30  33  41  54  115  
3  7  18  29  30  47  82  
5  10  16  19  24  33  38  76  
1  2  8  20  25  42  62  
11  12  14  16  28  38  
1  4  7  8  9  11  12  13  16  19  21  25  31  38  42  50  51  56  61  
3  7  10  17  44  
3  7  9  12  13  18  21  32  36  41  42  
1  2  3  4  6  16  20  29  33  34  38  
3  4  7  8  9  10  11  12  13  16  17  18  21  28  30  33  35  37  38  42  49  52  61  65  101  
7  18  
1  2  6  10  13  14  16  17  19  21  30  39  47  59  
5  6  11  17  23  39  43  
7  14  34  
4  35  
1  2  3  6  8  10  12  13  15  16  17  18  20  21  26  30  32  33  43  47  
35  48  
14  16  34  36  
1  2  3  4  5  6  8  9  10  16  20  22  31  36  40  100  
1  2  3  4  5  8  10  11  12  13  14  16  20  23  27  32  37  41  44  45  
3  4  16  35  42  50  
1  2  4  5  6  7  11  14  15  17  20  26  29  31  35  40  80  
3  5  14  25  32  37  43  
1  2  4  5  6  8  10  11  12  13  14  18  21  35  41  
3  4  6  7  9  12  17  21  25  31  32  42  49  50  51  61  
1  2  3  4  6  7  8  10  11  13  19  23  25  29  34  42  48  
1  2  5  7  12  21  25  26  36  
1  4  8  9  23  40  41  64  
1  2  3  4  5  7  12  18  24  26  39  45  46  58  60  76  98  
1  2  3  4  5  8  9  13  19  22  25  28  30  31  32  33  35  37  38  
1  2  6  10  11  13  16  19  49  63  
1  2  3  4  5  7  9  12  13  15  16  17  19  26  29  48  
1  2  3  6  14  21  22  23  24  37  81  
1  2  3  4  5  6  7  11  17  20  24  25  27  29  35  42  62  
1  3  6  8  9  12  22  27  30  34  58  59  63  
8  10  13  14  20  24  48  
2  3  7  13  17  20  21  24  25  28  30  31  40  44  53  67  72  
1  2  5  6  9  11  12  15  16  18  19  20  21  23  31  33  49  115  
5  8  16  42  52  
3  8  10  14  
2  3  6  7  8  10  14  17  19  20  23  27  29  31  43  50  57  72  83  91  
1  3  5  6  7  8  17  20  21  27  31  38  46  49  54  
2  3  6  9  11  12  13  16  26  29  40  51  55  69  84  
1  2  7  11  20  22  31  41  71  
3  6  10  11  16  18  19  24  27  29  35  36  39  
1  2  3  5  6  7  9  10  11  14  16  29  35  56  107  
2  4  5  7  8  11  12  13  17  20  25  27  34  35  36  40  50  64  100  
1  3  6  7  8  9  11  12  14  15  17  18  20  21  23  24  32  55  
1  2  3  4  5  6  7  9  10  12  13  14  16  19  20  23  37  41  44  51  56  
1  2  3  4  6  7  8  9  13  14  19  20  22  23  27  31  35  42  45  58  82  94  
1  5  6  7  8  10  11  12  16  17  23  24  29  30  35  37  51  
1  7  8  10  15  29  35  
3  5  7  9  13  16  17  22  41  45  47  55  57  
3  16  19  46  
1  2  3  4  7  10  11  13  14  15  17  19  25  27  36  38  54  55  77  
3  4  5  6  7  8  13  16  19  20  22  23  32  34  46  57  73  
8  
1  2  4  6  8  9  10  13  16  17  21  23  26  38  41  73  88  
1  2  6  12  17  20  22  25  46  52  
1  2  5  6  11  13  18  26  27  31  44  60  
2  3  4  5  6  8  10  11  14  25  33  65  73  
1  2  5  7  21  23  24  28  29  30  54  57  62  66  70  
2  3  4  7  8  10  11  12  14  19  21  22  30  32  33  35  36  37  40  41  44  47  55  73  110  
1  2  3  13  14  15  26  27  31  36  43  103  
1  3  4  5  6  7  10  12  15  36  41  
3  8  17  25  28  
2  4  5  6  8  11  13  15  16  20  21  26  36  41  56  
1  2  3  6  8  9  10  11  12  14  15  16  21  23  26  28  29  34  35  56  58  62  66  
1  2  3  4  5  8  10  11  12  13  15  16  17  21  23  29  31  32  35  75  99  
1  5  13  14  19  28  32  34  
1  2  3  6  7  8  10  11  12  14  15  18  30  42  
7  20  36  41  55  
2  5  6  8  9  14  22  24  54  67  104  
1  4  5  8  12  17  18  19  20  29  50  59  68  69  80  
1  2  3  4  5  8  9  18  25  26  28  30  33  34  35  42  47  49  55  57  69  72  
1  2  3  4  6  7  9  10  12  13  14  19  21  22  24  27  30  43  45  61  76  86  
1  3  6  10  11  15  19  21  22  27  30  32  42  52  
3  35  
1  3  4  6  8  10  11  12  13  15  21  22  29  41  42  43  51  118  
2  10  34  
1  2  3  4  6  8  12  13  16  17  18  19  20  21  30  39  60  74  106  
2  3  4  8  32  44  
4  5  26  30  
1  2  5  9  13  14  18  20  41  55  
8  9  18  
1  4  6  7  10  21  35  38  
3  4  7  27  59  
1  4  13  17  25  33  41  60  
2  9  11  34  49  108  
5  7  17  20  22  25  27  31  40  49  95  112  
3  5  13  22  24  25  38  53  60  
2  4  5  6  8  9  11  12  15  19  20  25  42  43  57  
2  15  
11  13  22  
2  3  4  6  9  11  14  16  21  22  25  38  39  40  42  61  
1  2  3  4  5  7  10  11  13  15  26  33  35  38  42  43  50  51  52  
1  2  3  5  8  9  10  17  18  19  20  27  29  30  32  36  39  40  46  62  
1  2  3  4  5  6  7  8  9  12  20  21  28  42  52  54  90  
13  23  25  26  28  31  33  37  52  
2  3  5  6  8  9  11  12  13  14  17  18  19  21  26  34  38  40  70  82  103  134  
1  3  4  6  7  14  18  19  30  32  34  
1  2  4  5  8  9  13  16  18  20  21  24  26  27  32  33  34  39  41  44  46  50  53  59  71  72  
1  2  3  4  6  8  9  10  11  13  14  16  20  23  26  27  30  32  48  50  53  55  58  67  81  
1  2  3  4  5  6  7  8  10  11  14  15  17  21  23  24  29  31  32  38  42  50  52  53  62  
1  2  3  5  6  7  10  12  17  18  23  24  34  45  56  
4  9  11  14  33  39  41  53  
1  4  5  6  8  10  12  17  18  26  31  33  56  65  
2  3  5  6  8  9  15  19  21  23  38  
2  
1  3  
2  3  4  5  7  12  16  23  25  40  43  49  51  
4  6  9  10  12  13  37  44  
1  2  3  4  5  7  8  9  15  19  23  27  34  41  84  87  
2  5  8  13  14  23  28  35  
9  11  12  28  30  40  
7  8  10  15  18  22  30  39  48  49  
1  2  5  7  8  11  12  14  16  19  27  57  81  
4  10  13  15  22  24  29  40  
1  4  6  7  9  11  12  14  18  20  28  47  71  
15  41  
1  2  5  6  7  8  9  12  13  17  19  20  27  32  42  68  
1  2  3  5  6  7  11  12  18  28  29  32  33  42  54  56  118  126  
2  4  6  8  10  13  14  22  23  29  36  51  59  77  
3  8  9  13  16  25  27  46  62  
1  4  5  7  9  10  11  12  14  16  17  18  19  21  22  23  25  35  62  85  
1  3  6  8  11  12  13  14  16  17  19  22  26  27  37  39  46  47  51  53  
11  13  21  28  
1  2  10  13  14  17  19  24  41  49  75  
3  4  5  7  8  9  15  19  23  24  25  27  28  30  31  46  51  58  67  
1  3  4  5  6  9  10  13  15  17  20  23  26  31  32  34  45  46  68  74  112  
1  2  3  6  7  8  12  13  14  16  17  19  27  28  29  30  45  46  47  49  68  77  
1  3  6  8  9  11  12  13  15  18  24  26  28  38  40  49  59  68  
1  
1  3  5  7  11  13  15  18  20  22  26  36  37  39  64  96  
3  4  7  11  13  16  17  20  28  31  33  34  37  45  63  
1  3  5  6  7  8  9  13  14  15  18  31  34  
1  4  6  8  11  15  16  22  26  34  42  
1  2  3  4  7  9  10  14  15  28  31  36  40  56  65  
2  12  14  26  28  30  33  76  83  
1  3  4  5  6  7  8  9  10  12  14  15  16  17  20  24  25  35  39  49  54  
3  4  5  7  8  9  12  15  16  18  22  23  24  26  32  33  34  39  40  51  55  
2  3  4  6  13  20  22  28  32  51  53  84  
1  2  3  5  6  7  10  11  12  14  16  21  23  27  31  33  34  35  38  48  53  67  76  79  
2  3  5  7  9  14  15  16  17  18  22  25  36  39  44  54  106  
2  5  7  13  14  16  17  37  
7  
2  4  5  6  7  11  14  17  21  22  23  25  37  
1  2  3  6  10  12  14  17  19  20  22  24  26  27  39  49  50  54  147  
12  13  16  20  23  29  40  90  
5  8  9  12  23  39  
3  12  13  14  15  22  28  34  39  
1  4  5  6  7  8  23  24  30  33  84  85  
1  10  11  15  16  
6  8  10  14  16  19  20  24  33  40  
1  4  6  9  10  13  23  26  29  37  48  64  76  
2  3  5  7  13  14  17  23  29  40  
2  4  8  9  12  40  55  89  
2  3  7  9  16  
1  2  3  4  6  7  8  11  19  23  28  29  39  56  62  
4  28  53  
1  3  5  6  7  8  9  12  13  18  20  22  29  35  52  53  
11  13  14  15  26  
1  2  3  4  5  6  8  11  13  17  19  24  25  31  83  
1  2  3  5  7  9  11  12  14  20  23  39  40  100  
2  3  5  6  7  8  10  12  15  16  18  26  30  57  
1  6  7  8  9  10  11  13  17  19  21  26  29  31  37  43  59  67  70  82  131  
2  3  8  18  19  21  22  23  36  38  48  
1  7  16  31  33  49  
1  2  4  5  6  7  8  9  11  18  23  24  25  26  32  37  39  43  
8  9  14  17  20  28  40  50  
1  2  4  6  7  8  10  13  22  24  27  32  38  52  66  73  
1  3  4  6  8  9  10  12  14  17  21  27  35  36  38  39  44  49  
2  3  4  5  6  7  8  11  14  15  19  20  23  24  25  26  28  34  38  56  70  
3  4  6  12  13  14  18  20  22  29  36  55  145  
1  2  3  4  5  6  7  11  12  14  15  24  25  28  32  33  39  40  43  44  46  93  
1  2  3  7  11  13  17  21  32  
2  4  7  13  20  21  27  30  31  45  53  65  
3  6  14  15  23  25  32  35  100  
1  2  3  4  5  6  7  10  12  14  17  19  20  21  32  37  39  49  57  64  
2  3  4  5  8  9  10  11  13  16  19  21  27  30  31  34  48  56  57  
1  2  3  4  7  8  9  11  15  18  21  22  23  27  28  29  48  56  
3  4  9  13  39  
1  3  4  6  11  14  17  20  25  27  44  
1  2  4  8  18  20  21  25  28  31  32  41  49  56  57  61  75  99  
2  4  5  6  8  18  22  23  24  41  49  66  
11  27  32  91  
6  7  8  12  14  17  18  21  22  23  25  28  33  37  42  45  51  59  63  
5  6  7  8  18  19  22  30  
2  3  4  5  6  7  8  9  10  11  12  13  16  17  19  32  41  42  45  46  59  65  109  
2  3  5  6  7  11  17  24  30  31  40  44  
1  4  5  6  7  8  9  10  16  21  25  30  32  39  41  42  
1  2  4  5  6  9  10  11  12  14  15  16  18  20  22  25  49  61  77  
1  2  5  7  18  26  34  38  47  
39  51  
1  2  3  6  9  11  13  17  19  20  31  33  42  46  50  53  54  57  66  
1  3  4  5  6  13  22  34  40  108  
1  3  4  8  9  12  22  23  25  26  30  38  56  87  
2  4  5  11  14  18  
1  2  4  5  6  8  12  13  15  17  18  22  27  32  37  38  39  45  57  87  105  
1  2  3  5  6  7  9  10  12  15  16  17  18  19  21  22  31  100  
4  6  11  24  
1  3  5  10  11  12  13  14  15  27  30  32  33  58  62  63  
2  3  4  7  22  28  29  49  60  84  
1  13  16  26  39  
1  4  6  7  10  11  13  14  15  16  17  18  20  29  37  44  45  49  50  61  80  114  
11  
1  2  3  8  9  10  12  13  14  19  21  22  25  26  30  32  35  36  41  52  
2  3  4  5  9  10  15  16  17  21  22  29  42  86  
1  2  7  8  9  13  15  17  19  34  45  64  65  
1  4  6  7  10  12  18  20  23  26  
1  2  3  4  7  9  10  15  16  21  23  24  27  31  34  39  43  46  47  52  57  75  
1  2  3  4  6  7  8  9  11  15  17  19  23  24  25  31  34  65  
2  4  5  8  10  21  23  38  53  61  
2  3  6  7  8  9  10  11  13  14  17  20  21  23  24  25  28  29  30  32  44  45  59  65  89  
3  11  13  
3  4  5  6  7  8  11  12  17  18  22  23  30  33  45  52  75  115  
1  2  4  5  9  10  11  12  14  19  29  30  32  33  35  42  50  
1  3  4  12  15  17  26  30  40  57  85  
1  4  7  10  20  25  30  
8  
3  5  7  10  12  21  40  42  52  68  
1  19  
1  5  6  7  8  11  14  15  18  19  24  25  31  35  55  58  65  67  75  80  
1  2  3  4  8  10  17  18  20  25  27  28  29  47  
2  4  5  8  9  10  16  17  20  23  26  42  43  
3  18  24  38  104  
1  2  3  4  5  6  8  10  12  17  22  24  27  31  39  49  54  56  59  
2  4  5  6  8  10  11  12  13  16  17  18  28  29  31  32  45  47  51  95  148  
1  2  5  7  8  9  11  13  14  16  18  19  20  21  22  25  26  29  32  36  38  46  52  60  78  
1  3  6  7  15  19  23  27  35  37  40  43  47  60  
1  3  6  7  9  12  15  19  20  22  60  
1  2  3  4  7  9  15  18  19  20  21  23  45  49  70  
2  5  7  10  11  13  14  16  17  18  21  22  25  26  32  37  
2  3  5  7  8  10  11  14  15  16  18  22  24  30  31  33  34  40  41  46  49  115  
2  3  8  13  14  16  19  25  27  28  34  37  38  42  80  134  
2  3  4  5  7  8  9  11  13  14  15  17  18  19  20  21  22  24  26  28  39  49  76  
1  3  4  6  10  11  12  13  15  16  19  26  28  30  71  
3  4  5  12  13  19  22  24  26  28  31  32  51  
2  7  9  12  26  30  43  
7  27  37  72  
1  2  3  4  5  6  7  8  9  13  15  17  20  23  30  31  41  47  49  56  62  75  
2  4  5  7  11  15  38  39  46  73  
6  9  15  25  37  46  
1  2  5  16  32  37  40  
1  2  3  6  7  8  9  11  18  20  29  35  48  58  70  
3  4  5  7  14  15  18  22  31  48  71  73  
1  2  4  5  6  7  11  13  17  18  20  22  23  26  27  35  37  41  42  
2  6  8  10  14  16  18  20  24  25  29  30  34  35  36  49  
1  3  4  5  6  7  8  11  13  20  21  25  26  29  30  39  40  42  
2  3  6  8  9  12  13  14  15  16  22  23  26  27  28  29  42  51  84  
1  8  15  17  21  26  29  38  
2  4  11  19  39  
1  5  6  8  9  10  14  17  19  21  24  26  27  41  
1  12  14  36  77  
2  4  7  8  9  12  15  21  22  28  
1  2  6  8  9  15  17  18  
8  26  30  
1  5  7  8  14  16  32  
1  2  4  6  7  8  9  11  28  31  36  37  
6  8  18  26  31  
5  11  17  28  36  48  56  59  89  
1  2  3  4  8  9  11  13  16  17  18  21  24  28  29  30  32  42  45  61  86  105  
4  7  12  17  25  28  
1  3  4  5  6  10  15  18  21  29  59  80  
10  11  15  
1  2  3  4  5  6  7  8  19  21  27  49  63  65  72  
1  2  3  4  5  10  12  14  18  19  20  32  39  40  45  49  74  82  
1  2  6  15  
1  2  8  9  10  18  23  61  
6  7  23  71  
1  3  4  5  8  14  15  17  19  20  21  24  27  28  29  33  35  40  50  
1  4  7  9  10  11  14  22  35  37  38  46  78  
1  2  4  5  6  7  8  9  10  13  16  17  18  23  24  26  27  28  39  41  43  49  55  56  
2  6  7  8  9  10  12  18  20  21  31  36  
3  4  7  8  10  15  43  
2  4  5  8  9  10  12  13  15  17  21  25  26  27  28  30  31  32  37  38  46  100  
4  9  10  13  15  21  24  52  62  89  
1  5  6  8  9  12  14  15  18  22  37  79  
8  9  10  14  17  29  
3  7  10  11  12  13  14  15  18  19  21  25  26  27  34  39  48  58  
19  
2  3  4  5  8  10  13  16  19  21  22  23  28  30  36  37  41  60  
1  2  3  4  5  6  7  9  10  14  15  19  20  23  25  28  29  35  44  53  69  
5  6  8  18  34  72  89  
4  7  23  46  
1  5  7  11  14  16  17  18  28  46  
4  8  11  12  13  14  17  27  30  33  45  47  83  91  
2  3  6  7  8  9  15  20  25  27  50  79  
2  3  9  10  13  14  15  17  19  20  22  27  35  38  44  64  
2  4  7  9  14  51  
14  30  
2  4  13  28  
1  2  3  5  9  10  14  15  16  22  26  27  28  29  34  37  38  44  45  47  87  
8  20  
3  
1  2  3  4  6  9  10  11  17  18  20  24  25  27  29  30  35  54  59  103  
2  3  5  8  11  15  16  17  21  22  30  36  44  71  
3  7  8  9  11  13  14  15  16  18  22  27  29  33  36  38  44  46  47  
8  9  
1  2  3  5  6  7  10  12  13  15  18  20  24  28  31  39  43  57  68  71  
1  2  4  5  6  13  20  25  33  36  43  
6  17  40  
1  30  
3  7  8  11  17  19  25  39  46  106  
1  2  3  6  7  8  10  11  17  19  21  22  23  39  50  52  54  86  
1  2  3  4  8  9  12  20  21  24  27  30  33  37  39  49  54  64  65  
2  4  8  9  23  27  28  
1  5  6  7  8  9  10  13  14  16  18  21  25  33  38  54  
9  17  19  28  
1  2  3  5  6  7  10  13  15  20  21  23  28  34  48  70  78  
2  7  16  
1  4  5  10  11  12  21  24  58  
1  3  5  6  8  12  15  17  18  20  21  36  44  47  57  59  
3  4  7  8  11  16  21  27  28  43  46  57  65  78  97  
1  2  3  6  9  11  12  16  19  20  23  26  27  29  68  
7  20  24  64  
1  2  4  5  6  7  8  9  11  12  13  16  19  20  37  44  46  61  67  92  
5  8  16  17  45  78  
11  13  18  31  35  51  52  
2  3  5  14  17  41  
1  2  5  6  7  8  10  13  14  16  18  20  22  25  33  72  
3  6  7  14  15  18  19  20  28  82  
1  5  15  
1  5  6  8  16  18  20  29  31  34  48  52  94  
3  8  12  13  79  
1  6  9  10  14  15  16  19  20  22  24  26  28  41  42  81  122  
1  2  3  4  5  6  7  8  12  15  17  20  21  40  44  49  50  56  59  
2  15  43  
16  18  22  39  96  
3  12  14  39  59  
2  3  7  9  10  14  16  23  25  30  
2  4  5  7  10  16  33  37  38  41  
1  2  4  5  6  11  13  16  17  23  24  27  28  35  46  
5  10  32  69  
6  22  
1  2  4  7  13  16  17  28  33  40  63  131  
1  3  6  7  8  11  15  20  21  25  28  36  42  48  51  58  84  128  
11  15  
1  2  4  6  7  8  9  20  25  27  29  31  35  38  43  73  82  
1  3  6  8  11  12  13  14  18  19  20  22  26  30  32  46  49  50  54  103  
2  3  4  6  7  8  11  16  17  18  19  21  23  24  30  38  39  42  46  50  52  64  
1  4  6  7  11  13  16  23  26  30  99  
3  4  5  8  9  11  12  15  16  22  24  25  30  35  36  43  45  48  58  69  
1  2  3  4  6  7  10  11  13  18  21  26  33  34  35  36  43  44  45  65  
6  7  10  12  16  17  22  31  57  
1  3  5  10  17  21  111  
9  23  37  39  
2  3  6  12  15  17  25  
3  7  8  11  13  15  19  24  25  29  
1  10  16  
1  8  10  13  15  16  17  28  33  49  50  
10  12  13  19  107  
14  28  50  
3  10  16  21  58  69  
2  4  5  6  11  19  20  21  24  28  37  48  57  
2  9  12  13  50  
2  3  4  5  8  12  13  71  
1  3  4  6  7  8  11  12  13  14  17  24  27  28  35  40  78  97  
1  2  3  9  10  12  13  17  20  21  22  26  27  33  37  41  44  47  53  55  66  
2  4  6  7  8  9  10  11  13  14  16  22  24  25  28  31  36  41  42  44  51  54  61  86  90  100  
2  6  9  11  12  14  18  19  20  22  28  31  48  55  71  83  
2  3  4  5  6  10  14  16  19  20  23  29  32  34  41  93  126  
4  
1  2  3  4  6  7  8  9  12  22  23  24  26  34  66  84  
4  7  13  15  17  21  23  31  34  
1  2  3  4  9  10  12  13  14  17  18  25  32  33  46  122  
10  12  26  30  147  
11  15  28  52  81  
3  4  13  16  18  
12  15  18  22  35  
1  3  4  5  7  8  10  14  16  17  20  25  27  28  32  33  34  37  72  
1  3  4  5  6  8  13  14  17  19  20  31  50  63  69  
3  24  
2  3  4  5  9  11  13  14  15  18  20  22  25  28  29  30  36  48  72  73  
5  6  7  8  9  11  23  59  94  
1  3  4  6  7  9  11  13  17  20  21  22  25  29  30  31  36  38  45  66  76  
3  5  7  8  10  16  17  23  25  30  33  
1  3  7  8  12  13  16  19  22  30  32  33  34  36  40  43  45  62  138  
1  2  6  14  20  58  72  83  
1  2  3  4  6  7  8  9  10  13  14  16  18  20  21  27  29  30  34  59  
3  5  6  8  10  11  18  31  33  
4  14  16  34  105  
1  3  4  5  7  9  10  12  14  15  17  19  21  27  28  33  78  88  
1  2  3  6  7  9  12  13  14  20  50  54  55  56  65  67  
1  3  4  5  6  7  8  9  12  18  30  36  42  48  51  60  
1  3  5  8  10  11  14  15  20  25  26  29  31  32  46  
1  4  8  9  10  11  13  16  21  22  24  26  28  31  36  38  55  104  
2  3  4  5  6  9  13  14  25  30  32  40  43  52  86  
5  8  16  22  
26  34  
1  2  4  7  12  13  15  16  17  18  20  21  22  23  37  54  
1  5  6  8  9  14  19  21  26  30  35  50  67  89  
2  5  7  8  10  14  15  25  44  56  
1  2  3  4  7  8  9  12  13  14  15  22  23  26  28  39  42  45  48  56  
1  6  11  12  16  21  26  39  52  79  
1  2  3  4  5  7  8  9  11  12  16  20  29  38  43  47  48  57  73  76  89  
5  6  13  22  37  69  
1  4  6  7  9  10  11  16  17  22  23  25  28  31  35  55  
2  3  4  6  7  8  9  10  11  15  26  29  30  43  62  81  
8  15  
24  28  
2  3  5  16  26  61  
1  2  5  7  10  11  12  13  14  16  19  33  42  44  47  51  60  64  76  77  
1  2  4  5  8  9  10  12  13  18  22  25  28  44  102  
2  4  5  8  10  12  13  17  27  37  41  52  
1  4  6  7  10  11  15  16  19  20  24  26  27  28  32  33  35  36  38  48  
6  11  14  17  22  28  32  51  67  
6  19  28  
1  2  3  6  8  9  10  13  16  17  18  19  20  22  23  29  31  36  61  66  76  88  91  
18  20  30  
1  2  4  6  8  9  10  12  16  18  19  22  26  32  34  43  45  55  63  
2  3  6  9  13  14  15  16  17  18  20  23  24  26  27  28  33  44  49  56  93  103  
5  14  19  
9  14  27  68  
1  2  3  4  5  7  10  13  14  15  18  19  27  32  33  38  51  53  59  86  
1  2  3  8  15  21  23  29  31  39  41  46  84  
1  2  4  5  7  9  11  15  16  19  20  21  25  27  30  34  42  47  52  54  
1  2  3  4  5  6  8  9  11  12  13  14  16  17  21  29  36  44  49  50  67  82  
2  3  8  10  12  14  16  20  26  34  36  42  51  73  
3  6  7  8  10  14  15  16  17  30  33  61  82  
2  4  10  11  13  14  37  40  
1  3  4  6  7  11  16  17  18  25  36  43  44  51  56  
1  3  4  6  7  8  10  12  13  14  21  25  26  29  31  33  38  50  53  59  60  91  
1  3  4  5  6  10  11  13  15  22  26  31  33  39  81  
6  9  12  14  20  25  36  57  
8  
2  3  4  5  8  10  13  20  22  30  32  33  41  46  49  52  61  
2  5  7  8  9  11  13  17  24  29  31  34  37  55  65  117  156  
1  3  4  8  10  11  12  13  15  19  28  62  73  
1  2  3  5  6  7  8  9  11  14  19  21  30  33  35  36  44  54  
2  3  4  5  6  7  8  9  10  13  16  18  23  24  25  26  29  30  32  39  44  47  83  
2  3  4  10  11  12  13  14  17  18  24  26  34  45  61  
3  4  5  10  11  19  28  32  38  
1  3  7  8  10  14  20  23  26  43  46  71  
1  2  3  5  6  7  8  10  11  12  16  17  20  22  23  27  31  37  40  44  60  
1  2  3  4  5  7  10  11  15  16  24  29  30  34  36  37  43  56  150  
2  8  12  13  18  20  22  32  42  50  
2  3  4  5  7  8  11  20  30  34  42  73  
1  3  4  6  7  8  9  10  15  17  18  19  20  21  25  27  38  46  74  
39  
2  4  7  17  19  36  43  48  68  
2  3  5  10  11  12  13  14  19  20  25  28  29  30  31  32  39  
1  2  4  5  7  8  12  16  17  19  21  22  23  25  28  32  35  41  46  51  60  67  
4  5  17  47  
2  6  8  9  10  11  18  23  26  35  67  85  
1  3  4  6  7  8  9  13  14  15  16  17  19  25  26  31  34  43  101  
6  12  23  25  37  
6  11  50  
1  3  4  8  10  12  13  14  15  16  19  20  21  22  25  32  34  78  
2  3  7  13  14  22  23  27  28  29  30  32  34  37  38  41  53  
2  3  4  6  7  8  12  13  21  23  24  28  35  53  57  58  68  81  
1  2  4  12  14  16  19  21  23  30  37  47  
3  8  9  18  
1  4  5  7  8  10  11  18  19  25  34  57  61  65  84  
4  13  17  23  27  
2  3  4  7  8  10  11  12  13  19  22  31  32  40  60  82  
3  5  6  7  9  10  12  15  16  19  22  26  
4  6  8  11  16  18  22  28  37  47  80  
1  6  17  32  47  
3  29  55  57  
8  11  12  17  27  36  63  
1  2  4  6  7  9  10  11  13  26  30  31  60  81  
6  10  12  16  23  31  41  47  53  
6  7  8  9  12  13  21  27  30  31  35  45  51  
1  3  5  12  16  18  20  21  22  42  43  56  
1  3  7  10  11  15  16  31  36  41  46  49  
1  2  3  4  9  11  14  15  16  19  24  26  27  29  37  39  43  45  75  93  
1  2  3  5  15  19  23  25  48  
6  7  8  9  10  15  21  22  25  36  63  
22  39  43  
2  3  4  6  8  11  14  21  41  58  
1  3  4  5  9  10  13  14  15  17  24  26  37  38  40  53  55  102  126  
2  8  31  40  42  63  
2  4  7  8  12  13  14  16  18  20  21  23  30  38  48  51  
15  17  18  27  28  30  33  44  48  81  
11  18  27  38  43  63  
1  2  3  5  6  10  23  31  42  46  85  96  
1  4  7  10  12  16  18  20  28  69  
5  7  8  12  14  23  24  25  26  27  29  33  42  61  
4  7  15  25  30  
4  5  6  8  9  10  11  12  14  16  20  21  23  24  26  30  31  32  41  59  70  
1  3  5  6  13  20  23  26  27  60  
1  2  4  5  8  9  10  11  12  13  15  17  18  19  20  22  23  26  28  44  63  65  105  
3  8  19  38  45  47  48  55  
1  2  3  4  6  7  8  9  10  12  13  16  23  26  28  32  33  37  47  49  54  60  71  75  
5  7  8  12  14  19  23  24  25  33  34  39  48  74  
1  2  6  9  11  16  20  46  47  54  70  
3  4  6  7  8  10  11  13  25  28  31  52  53  62  
2  5  6  12  18  24  45  47  
5  12  21  
10  22  
2  
3  5  11  27  30  
2  3  4  5  6  7  11  12  13  14  17  20  22  25  26  28  29  33  34  36  39  41  43  46  
1  2  3  5  9  22  50  58  
1  2  5  6  8  12  18  21  23  25  46  53  78  88  
22  
1  2  3  8  12  15  18  22  24  25  29  36  37  42  58  66  117  
1  3  6  7  8  9  11  12  13  16  21  23  26  30  39  42  44  45  46  69  
12  14  16  25  27  55  95  
1  2  4  7  9  12  18  20  33  
3  4  5  6  8  12  14  15  16  17  18  20  21  22  23  24  28  35  42  47  59  81  131  
1  2  3  8  9  10  12  13  17  18  31  35  46  
1  2  3  4  5  8  12  20  24  26  35  41  61  
1  2  3  4  5  7  8  9  10  11  12  13  17  18  19  24  27  28  30  31  32  35  43  44  52  61  73  85  
3  4  5  7  10  11  12  13  18  19  20  37  62  
1  5  9  12  20  22  23  67  
26  
3  5  8  9  12  15  17  20  21  22  31  53  59  
6  9  20  46  
2  4  5  7  8  9  10  12  13  16  19  23  37  39  40  49  
1  2  5  6  7  8  9  10  18  19  24  25  26  31  40  52  78  
1  3  5  6  10  15  22  24  27  54  
1  2  3  4  5  6  8  9  11  13  14  17  20  21  26  32  37  49  51  59  76  
3  37  
2  3  5  6  7  9  17  19  23  24  31  33  39  41  48  
1  3  4  5  6  7  10  11  12  14  16  18  23  28  30  35  57  
2  5  7  9  14  15  18  19  20  21  24  26  40  43  47  72  
1  5  11  12  45  78  
3  5  29  
2  3  7  9  10  20  21  23  24  26  31  43  48  86  91  
1  6  12  
2  5  7  17  23  27  28  42  47  
1  3  5  6  7  9  11  18  28  29  30  33  35  42  44  49  73  
6  11  14  15  25  31  36  38  49  
4  8  9  22  24  32  47  
5  8  9  11  13  16  17  20  21  40  45  57  
2  3  5  8  9  11  12  14  16  17  18  19  31  33  34  36  
2  3  4  8  9  14  16  19  30  33  35  74  
1  2  5  7  9  18  20  24  29  34  46  62  
6  7  10  24  25  
1  4  5  6  8  9  16  21  22  23  24  34  64  70  
1  2  4  5  6  7  10  13  15  17  22  24  27  28  38  51  
1  2  3  4  56  
29  
1  3  6  7  10  12  13  14  15  16  17  20  21  22  23  30  32  34  38  49  53  101  
1  3  8  9  12  14  20  23  26  27  28  31  32  47  49  65  72  
3  4  5  11  12  14  21  23  34  44  52  
1  3  
3  9  12  24  58  
1  9  48  59  
3  4  5  6  7  11  12  20  54  64  
2  3  5  6  8  9  10  11  12  13  14  20  24  28  34  37  41  
1  5  7  9  10  11  12  13  15  20  26  28  30  33  49  
2  6  9  15  17  30  35  64  
3  4  6  10  20  26  56  60  
4  8  11  
1  2  3  8  9  13  15  17  18  20  28  33  37  41  
1  2  4  5  6  7  8  9  10  14  17  19  20  22  26  31  35  37  41  47  86  
4  6  12  19  23  
3  5  6  7  8  10  11  12  14  16  17  19  20  30  35  42  51  84  
1  2  5  6  7  8  9  14  16  18  20  24  27  49  57  138  
10  11  15  17  21  31  40  
1  3  4  5  7  8  9  10  11  12  15  16  19  20  25  27  34  35  39  45  47  55  88  
1  6  7  11  21  26  
1  2  3  4  7  8  10  11  15  16  17  19  22  32  44  51  53  
2  5  11  14  17  18  27  29  30  53  
2  13  33  37  67  
6  8  15  20  40  
4  6  7  10  11  15  20  24  28  34  39  61  69  
2  3  4  6  8  11  12  17  21  29  33  38  41  42  49  53  54  
1  2  5  6  7  9  13  14  15  16  21  23  25  28  30  31  33  41  44  49  99  
1  3  5  6  7  8  9  11  12  14  19  20  21  23  24  27  34  41  42  52  108  
4  8  9  16  19  21  22  23  24  26  30  33  43  46  54  86  
3  7  10  28  32  48  
1  4  5  8  10  11  12  15  20  23  24  26  29  41  42  49  58  62  79  
3  5  6  24  30  37  50  
13  23  32  68  73  
1  10  11  13  
2  5  7  8  9  12  13  15  21  26  29  30  32  48  61  
1  3  4  5  9  10  11  12  13  15  21  23  24  26  35  36  38  39  43  44  51  53  73  
2  3  5  6  9  11  12  13  16  20  22  24  25  30  31  35  38  39  45  
1  2  3  5  7  8  14  17  18  19  22  25  27  31  38  39  41  54  64  97  119  
1  3  5  8  9  32  33  39  
8  10  23  
1  2  9  32  44  
7  9  12  13  31  38  47  
3  6  7  8  11  14  15  16  21  27  33  34  37  
1  2  3  5  8  9  10  11  20  23  28  34  
1  6  8  17  19  43  73  
3  13  17  24  38  
5  7  8  13  15  17  30  33  41  63  
1  2  3  5  6  7  9  12  14  18  22  25  27  28  42  50  51  57  
3  5  6  17  20  27  32  
5  10  14  18  23  25  26  27  
1  2  4  5  10  12  13  17  25  34  54  95  
3  5  6  7  9  11  12  14  22  31  35  49  51  52  56  82  
1  2  3  5  6  7  8  11  13  14  16  19  22  24  25  26  42  47  65  85  91  104  
5  13  22  26  
3  6  10  13  58  
2  4  6  15  16  19  25  41  44  54  
1  2  4  7  9  12  23  28  34  
1  4  7  9  11  13  14  15  16  20  25  37  39  43  53  72  76  
3  4  5  6  14  16  18  20  24  26  28  30  32  36  39  42  45  58  106  
3  5  6  7  9  14  25  37  47  53  56  58  
1  2  4  5  6  7  11  14  16  18  21  26  29  45  52  53  56  57  58  
2  3  4  6  7  8  13  14  16  19  20  22  23  26  41  
1  2  6  7  8  10  12  13  20  25  27  33  34  35  70  
1  3  5  6  7  8  10  12  16  21  28  65  
13  
1  2  3  7  11  14  24  25  28  29  33  40  49  62  68  108  
2  4  5  6  7  8  13  18  19  20  22  24  25  26  27  32  34  39  44  68  86  122  
3  5  8  9  10  11  12  13  15  17  20  23  24  27  29  47  60  76  
2  20  37  85  
1  2  3  7  17  18  24  27  30  82  
1  2  4  6  8  14  17  18  19  20  21  23  27  30  35  36  39  53  58  
1  2  3  4  5  6  11  13  16  18  20  28  32  41  45  55  77  87  121  
2  4  8  14  15  16  20  25  28  31  44  
1  7  8  10  12  24  25  27  32  38  39  40  
2  8  38  
3  4  5  6  7  9  12  14  16  19  20  23  26  27  32  99  
4  5  6  7  8  9  16  20  21  22  24  27  29  36  38  41  
1  2  3  4  5  6  11  12  15  18  19  20  26  31  48  70  
4  5  6  7  8  9  11  22  50  104  
4  7  19  74  
1  4  5  7  8  9  11  13  17  19  21  22  31  32  36  52  
1  2  5  6  13  21  22  27  30  32  42  
6  12  13  15  18  20  24  25  33  37  43  45  70  
2  3  4  5  6  9  10  14  17  19  20  23  26  32  33  38  44  59  63  75  80  
1  2  3  5  6  7  8  10  11  12  17  21  22  23  25  26  32  35  57  
1  3  4  5  7  8  12  16  17  18  20  33  34  39  44  49  55  60  104  
1  6  9  21  33  36  39  40  47  
1  3  4  5  7  8  9  11  12  14  17  21  23  27  30  31  44  
2  3  6  9  20  21  27  28  46  70  
1  2  3  5  6  8  9  10  12  13  18  19  21  25  26  31  32  46  65  
2  3  5  7  8  10  16  20  23  27  97  
5  13  16  22  
1  16  17  
1  4  11  50  
1  3  4  5  6  7  9  11  12  14  15  17  23  25  26  27  28  30  37  38  45  
2  6  10  16  18  21  23  25  32  
2  6  8  13  27  31  33  36  38  
1  2  3  4  6  8  9  10  11  12  13  16  18  20  25  37  39  41  44  56  
2  3  4  5  7  9  10  11  18  19  21  23  33  35  38  45  51  56  119  
2  5  6  8  10  12  16  20  21  28  33  37  72  
1  5  6  7  9  47  
1  6  9  10  11  12  13  14  26  32  38  52  
1  4  5  6  8  11  12  14  16  19  22  37  50  65  148  
1  16  
21  36  
1  2  3  5  6  7  8  9  11  14  15  19  23  29  32  34  39  51  54  
2  7  9  39  43  
6  33  146  
19  
1  4  5  6  10  12  16  19  21  22  37  42  59  62  63  116  
1  2  5  7  10  16  24  35  38  43  
1  6  14  20  27  
3  4  6  8  9  10  20  25  30  32  40  42  45  67  
1  6  9  13  18  21  93  96  
1  4  5  6  8  10  11  15  19  22  27  29  33  42  55  66  
2  4  6  7  9  11  12  13  14  16  19  20  22  35  45  48  49  51  56  65  67  93  
5  7  9  11  14  15  16  20  27  28  57  66  
9  
1  2  3  5  6  7  9  10  11  12  13  15  16  24  25  26  50  59  64  
1  2  5  6  8  9  13  15  16  23  28  29  45  50  76  
1  3  4  5  6  10  14  15  16  19  20  24  27  53  
1  5  6  7  8  9  10  17  25  27  31  36  42  57  97  
3  9  17  30  33  58  63  65  70  
2  21  37  
11  16  20  
1  2  3  4  5  7  8  10  12  13  14  16  18  23  25  27  31  37  44  53  67  69  83  
10  26  62  
4  7  11  12  19  21  26  36  42  75  
2  3  4  6  7  8  9  10  20  22  26  27  28  29  33  44  47  58  70  93  112  
1  3  5  6  7  9  11  15  17  21  23  26  27  29  34  45  71  
3  4  5  6  8  9  10  12  14  15  16  19  20  37  38  43  70  
1  7  19  23  45  52  77  
1  2  3  5  7  9  15  16  19  20  25  29  49  65  76  93  
1  4  5  18  22  50  82  
1  5  6  7  14  
3  5  7  8  12  14  15  17  19  21  24  31  43  45  49  98  
1  3  4  5  6  9  11  12  14  21  22  36  38  41  44  45  46  52  57  
1  3  4  8  9  10  11  15  16  17  19  20  25  30  39  51  
5  8  
1  3  4  5  8  12  14  16  19  20  21  23  26  27  39  43  54  
1  3  5  6  7  10  12  13  14  16  20  24  27  30  31  32  36  39  40  60  91  
7  16  39  
3  16  
1  5  6  11  12  14  15  16  18  42  44  49  
2  8  10  12  22  23  42  
1  3  5  10  19  20  22  23  28  29  30  33  38  
10  
1  4  7  19  26  52  84  
4  5  8  9  10  11  12  13  15  21  22  23  26  32  41  58  
1  2  3  11  12  17  51  152  
1  2  3  4  6  7  9  11  12  13  16  24  26  38  46  72  89  
1  3  9  13  32  45  
11  
2  5  8  9  12  13  15  25  34  44  54  58  
1  2  3  4  5  8  9  10  19  26  42  54  60  
2  3  29  
1  10  11  13  14  15  17  18  35  41  46  
21  30  31  
2  7  12  26  46  
1  5  7  9  10  13  19  22  41  50  69  
3  6  11  15  16  21  53  91  
1  5  6  7  8  11  12  14  17  22  23  26  27  31  34  36  37  38  39  42  49  
1  5  7  10  11  12  21  22  23  
5  31  32  35  55  56  
1  2  3  6  7  11  14  15  17  19  24  26  30  31  32  35  46  48  
3  5  10  15  16  18  19  21  22  24  26  29  34  91  
4  8  10  11  14  18  20  33  83  
2  4  9  13  14  18  21  22  25  30  35  50  73  102  
3  4  7  11  13  14  16  18  21  26  27  28  30  31  36  41  71  
1  2  6  9  12  13  66  86  
4  7  11  12  13  18  20  27  43  47  49  
2  8  9  10  13  17  24  25  26  28  34  65  
1  3  4  5  7  9  10  11  13  17  23  43  44  46  48  52  53  56  65  109  
1  2  9  16  44  70  
2  3  5  11  14  21  23  24  26  28  30  32  36  44  48  50  52  57  
4  25  
1  2  5  14  17  20  26  27  31  32  36  40  48  111  
1  2  3  4  5  6  8  10  12  16  18  20  21  25  27  28  30  33  37  39  40  42  43  47  53  
2  10  11  15  17  30  39  41  52  74  
2  3  4  5  9  10  11  18  19  31  35  37  41  
2  6  19  21  22  23  34  37  49  
1  2  3  5  6  8  9  10  11  14  16  20  26  28  31  32  34  39  46  89  153  
1  2  4  8  13  21  24  26  30  37  38  
1  5  10  11  14  15  16  22  25  36  39  40  49  66  
1  3  5  6  8  9  10  11  13  14  16  18  20  21  22  23  25  27  41  43  46  49  65  
8  9  11  17  19  26  35  37  
5  12  14  
1  4  5  7  8  9  11  13  14  15  16  23  24  27  28  40  47  59  
1  2  5  8  10  12  14  17  21  22  74  98  
1  2  3  4  6  18  23  30  32  34  41  59  61  
1  2  3  4  5  9  10  12  18  19  34  37  54  
1  3  4  5  7  8  11  12  37  45  128  
1  2  21  23  
6  20  49  
1  2  4  5  6  7  8  10  14  15  20  28  30  34  37  38  41  59  67  72  
3  8  11  13  23  25  52  
3  4  5  8  10  13  22  24  27  32  34  35  36  57  
1  2  4  6  7  9  10  11  12  14  18  19  20  23  27  34  41  46  47  55  64  75  149  
2  3  4  6  7  15  17  20  21  33  38  48  50  
1  6  9  10  12  19  24  33  35  79  
5  10  14  16  19  99  
5  6  13  16  21  25  26  32  37  40  59  64  
1  2  3  5  6  8  9  10  11  13  14  15  22  26  32  33  38  41  47  49  73  74  
5  8  20  191  
27  
1  2  4  6  7  8  9  10  11  14  15  16  17  19  20  23  24  28  30  33  34  36  37  38  39  41  51  
4  5  10  12  13  14  18  23  33  
1  2  3  5  7  8  9  12  14  17  18  20  21  25  28  34  35  36  41  47  50  95  
4  6  7  8  10  13  18  25  29  31  35  61  
1  3  5  6  10  11  18  20  23  29  37  56  
1  3  10  11  12  16  17  25  29  31  34  56  63  66  
1  2  5  6  14  16  20  45  48  68  111  
1  3  9  11  12  14  20  21  27  29  30  54  87  
1  2  3  4  6  7  10  13  17  21  22  23  25  27  35  38  46  
1  5  6  9  10  13  14  15  19  24  28  29  33  47  51  54  
13  17  
2  4  6  7  8  10  11  12  14  17  19  20  23  27  28  32  34  39  53  60  70  
2  5  7  12  13  14  15  
1  6  7  9  12  13  14  16  18  21  24  29  31  34  45  54  95  
1  4  5  8  9  11  13  15  16  17  19  25  32  38  39  44  48  81  
1  5  6  7  9  10  12  13  14  16  17  20  22  31  35  38  53  54  81  93  
1  2  3  4  5  6  8  9  13  17  29  31  33  46  55  70  
1  2  6  33  38  
2  3  5  6  9  10  11  16  18  21  23  34  
5  7  9  13  21  27  29  33  
1  3  5  8  9  10  11  16  21  25  31  35  
2  3  4  5  8  9  10  11  13  14  19  24  26  27  39  43  44  55  
42  68  
2  3  4  5  7  8  12  13  15  18  19  21  25  26  29  34  43  46  50  54  62  88  
2  5  7  9  11  13  17  19  21  23  28  
5  17  21  38  78  
5  8  24  28  46  
9  13  15  17  27  33  37  44  
2  3  4  5  6  9  10  11  14  15  16  18  20  21  25  27  28  29  30  32  33  41  56  60  
1  3  6  9  10  14  19  20  25  30  43  51  58  89  
10  12  19  28  35  
1  4  5  7  8  10  12  13  14  15  16  18  25  50  51  52  80  
1  2  3  4  6  7  8  12  14  16  18  24  29  40  47  83  
2  12  
2  4  6  12  13  14  15  16  19  24  25  33  37  46  87  
2  3  4  7  8  9  10  11  12  15  17  18  20  23  30  34  39  43  46  86  
1  10  11  13  19  30  39  46  
1  3  5  6  10  12  13  15  17  19  32  36  43  78  
1  2  3  6  8  9  12  13  16  17  21  28  33  35  50  119  152  
8  9  11  12  24  25  27  28  29  34  49  58  69  
5  6  9  10  11  18  20  26  37  39  40  64  
1  3  6  7  9  10  11  13  16  19  20  25  28  37  38  39  53  68  75  
2  3  5  6  7  9  10  19  21  24  26  40  43  55  133  
1  3  5  8  9  14  29  54  
1  2  3  4  5  6  10  12  14  16  17  18  21  23  24  29  32  33  35  41  43  76  
15  16  31  33  
1  8  9  30  
1  2  3  8  9  10  11  14  17  20  23  24  25  26  29  36  43  63  64  74  88  
1  2  3  5  10  14  16  17  18  19  20  21  24  34  41  
3  4  5  6  7  10  11  12  13  15  18  20  23  25  27  39  41  42  46  
1  2  3  5  6  7  10  11  12  14  16  18  20  35  95  
1  2  4  6  8  9  11  14  15  17  20  22  23  28  33  34  35  69  
1  2  3  4  6  9  11  13  14  16  18  27  53  
20  62  69  
1  2  5  7  8  10  11  12  13  14  16  26  
3  6  17  22  33  34  45  
1  2  3  4  5  8  13  14  19  24  25  27  31  40  49  52  
1  2  3  4  5  8  13  14  20  21  35  48  51  52  
2  3  8  32  35  36  44  51  53  93  
12  
1  3  8  10  13  19  22  73  
2  8  10  11  22  24  26  29  39  52  
1  3  4  5  6  7  8  9  12  13  16  18  24  32  34  36  41  48  56  58  
5  11  
1  4  6  7  9  10  13  21  24  31  32  33  107  
1  2  3  4  5  10  13  14  17  18  19  20  27  38  44  47  50  51  80  89  
9  23  
2  3  5  7  8  17  19  20  24  25  36  47  51  
1  2  3  6  8  11  12  13  15  17  18  20  23  24  26  31  34  38  43  46  
2  4  10  13  14  25  26  
1  3  4  6  9  12  14  15  17  20  23  26  27  
5  8  10  13  20  25  28  32  33  35  45  
1  4  5  6  13  14  15  16  23  24  25  27  30  43  44  62  66  
1  2  3  4  7  9  12  14  16  17  18  21  33  37  39  40  41  43  56  58  80  82  
1  3  4  5  9  17  21  25  31  33  173  
2  4  7  14  17  18  24  30  39  79  
1  3  4  8  27  
1  2  4  10  18  50  
1  2  4  5  9  10  12  13  17  24  26  27  35  36  39  
2  3  4  5  6  7  10  11  12  13  16  17  22  31  50  86  93  
1  5  6  7  8  9  32  47  
2  17  27  34  
1  3  5  6  8  9  12  14  20  25  27  28  29  31  40  
2  5  8  
1  2  4  7  11  12  13  19  28  29  37  41  
1  7  8  12  29  35  65  
2  3  4  5  6  7  8  10  11  12  22  25  27  29  37  40  63  69  107  
1  3  5  13  16  17  23  29  53  54  
3  4  7  8  10  12  15  16  22  24  25  26  28  29  30  32  36  37  39  48  49  56  63  
1  2  3  4  5  6  7  9  10  11  12  13  14  17  30  32  38  39  60  83  87  
1  2  3  4  5  6  7  8  14  15  16  18  20  21  26  49  83  
1  3  4  5  6  7  8  9  10  12  14  16  18  21  26  33  41  43  48  54  58  81  
2  3  11  12  13  17  22  24  27  29  42  
1  2  6  7  12  14  16  17  24  27  28  31  45  
1  4  5  7  8  12  16  22  28  30  37  72  
1  2  3  4  5  8  9  10  11  14  17  18  20  26  43  47  49  52  59  
1  2  3  5  6  7  8  9  10  12  14  16  28  30  38  42  47  53  56  
2  4  5  16  19  35  41  73  
2  3  4  7  8  9  10  11  12  13  15  17  19  22  23  24  27  39  46  
1  2  3  5  7  8  9  10  12  18  20  21  23  27  28  31  40  49  63  68  70  
1  2  3  5  10  11  16  20  35  68  
2  3  4  5  9  10  12  14  15  25  29  30  35  44  72  79  81  
2  7  13  23  46  65  
4  6  7  8  11  14  18  20  23  30  45  49  58  88  103  
1  2  3  6  7  8  10  11  12  13  14  16  17  19  21  22  23  30  37  54  68  136  
1  4  6  7  8  11  23  29  37  41  50  53  59  68  
1  4  5  6  8  12  13  17  18  20  21  24  27  36  39  49  55  59  82  
1  5  11  14  15  30  55  
2  4  7  8  9  25  35  42  53  65  
21  40  41  
1  2  4  5  7  9  10  16  21  24  45  47  51  55  
1  2  5  8  10  11  12  14  15  18  21  23  25  43  50  52  58  
2  4  5  6  7  8  10  13  14  16  18  20  21  22  24  25  26  33  35  37  
1  6  8  13  16  17  25  26  
2  3  4  5  6  7  12  17  21  25  30  32  43  49  68  
1  2  8  10  16  17  21  23  28  30  36  38  47  50  61  85  
1  3  4  5  7  12  13  16  21  23  26  29  
2  5  6  7  8  9  10  11  13  14  15  16  21  25  32  34  36  56  76  
2  6  8  9  10  12  14  21  31  39  45  54  
2  3  5  8  9  10  13  15  17  20  23  25  32  36  53  65  79  
3  4  8  9  10  11  13  16  20  23  24  27  32  33  34  41  53  65  
2  3  5  6  7  8  13  16  29  33  39  40  
1  3  5  6  8  9  11  13  16  19  21  26  28  29  31  46  47  49  54  105  109  
6  10  11  14  15  21  26  27  30  42  60  
1  2  3  9  15  22  
1  2  3  4  5  7  8  11  12  16  23  26  27  28  29  30  31  37  40  42  76  
3  6  16  18  21  
6  10  22  37  48  60  
1  2  3  4  5  10  11  14  16  17  18  22  35  45  76  
1  2  3  4  6  8  9  10  13  14  15  17  18  19  20  24  26  27  33  36  
5  12  20  23  25  34  78  
4  18  35  74  
13  14  38  41  
5  9  11  13  16  17  18  19  21  37  39  64  78  
2  4  7  8  9  10  12  13  19  29  31  42  44  82  
2  5  21  22  42  45  
1  2  3  5  6  7  8  9  10  13  17  19  20  21  22  24  29  31  39  42  
2  6  7  9  10  12  15  22  27  31  
5  27  30  37  39  55  
1  2  12  14  25  31  
2  7  8  13  14  16  20  22  37  40  85  
1  5  6  8  10  12  14  15  20  23  30  32  34  35  36  40  44  69  
1  2  3  6  7  8  12  13  14  15  17  20  22  23  28  75  
2  3  4  5  9  12  13  14  18  22  32  35  38  39  40  41  53  55  74  
1  2  4  5  14  23  26  
2  5  6  7  8  9  11  12  13  14  18  20  33  39  52  59  89  
1  2  3  4  10  11  29  44  45  
2  3  4  5  6  7  11  17  23  31  33  36  37  52  98  
1  7  9  15  16  17  20  23  35  49  53  57  93  
1  2  3  5  7  11  13  19  26  29  50  77  
2  3  8  10  12  23  24  26  32  
8  12  16  21  23  
1  6  8  9  11  16  26  31  37  
9  29  
5  12  16  24  31  33  34  
3  4  9  10  11  14  15  17  20  22  24  34  53  67  71  
1  3  4  5  6  7  9  10  12  13  14  16  20  27  28  29  31  33  58  
2  3  5  6  8  12  13  14  15  16  17  18  21  28  32  60  
9  17  28  34  
6  7  10  13  40  60  69  
1  2  4  5  9  12  19  23  26  30  34  38  40  45  48  
1  2  3  4  7  9  11  12  13  15  16  28  35  38  45  56  63  
2  3  5  7  8  9  10  11  15  17  19  21  32  45  53  58  
1  2  3  4  5  6  7  8  9  10  14  16  19  20  37  51  56  
1  3  6  13  15  30  
2  3  4  5  6  7  8  10  11  14  17  22  25  27  30  33  36  59  
1  3  6  7  12  24  39  46  47  
1  2  5  9  13  21  23  31  39  42  43  47  50  61  81  
3  6  8  9  11  12  15  17  20  26  31  33  37  58  
2  3  5  7  8  9  14  16  18  20  24  25  32  49  55  58  
1  4  6  9  13  14  16  17  18  21  26  37  44  62  84  
1  3  4  5  6  7  8  10  12  13  14  15  18  25  33  38  40  59  66  72  155  
1  2  3  4  6  7  8  11  14  15  16  18  19  23  31  33  37  40  42  55  
1  20  
1  2  4  5  7  9  11  13  14  16  17  18  21  22  24  27  29  33  37  38  39  43  74  109  136  
95  
2  3  5  10  12  15  20  23  24  28  44  
1  2  3  5  8  9  11  12  13  14  15  18  21  22  24  37  57  67  70  
17  
3  8  9  12  17  18  28  
2  3  5  8  9  15  18  20  23  35  39  45  
1  5  6  7  13  29  33  38  
3  5  8  11  25  34  37  41  60  
44  
1  2  3  4  6  7  12  14  17  18  19  23  24  26  28  29  30  39  48  58  59  70  
2  3  9  10  21  22  37  48  51  
1  2  3  5  8  13  14  24  26  29  30  40  49  58  
4  5  8  9  13  14  15  33  40  68  
2  11  
4  6  10  11  14  
3  4  5  6  8  16  22  24  25  41  107  
1  3  6  7  8  9  10  11  12  14  17  19  23  28  31  35  36  
3  5  6  7  8  9  10  12  22  23  26  27  31  35  45  59  60  85  99  136  
1  2  3  4  5  7  8  9  13  15  17  19  20  22  24  26  31  34  35  36  
1  2  3  4  5  9  10  16  20  22  29  31  35  37  50  51  73  75  
2  4  12  13  14  15  17  33  34  40  44  49  59  
1  3  5  8  13  16  29  30  40  48  51  58  
1  2  3  11  15  17  18  19  24  29  37  58  
4  5  6  8  10  11  13  17  18  19  22  29  33  
2  4  5  7  9  12  14  16  17  19  22  26  27  28  31  36  
26  
1  2  4  5  6  7  9  10  12  17  20  24  32  38  39  40  59  92  
1  2  4  5  7  13  16  18  20  22  25  31  36  43  48  51  57  59  63  89  91  
35  36  
3  4  6  8  11  14  15  17  18  20  21  23  24  33  35  54  56  61  68  71  
11  13  19  22  
2  13  17  38  41  106  
1  2  3  4  5  6  7  8  14  15  18  19  21  23  24  25  26  33  54  55  
1  2  3  4  6  7  8  9  13  14  15  19  26  37  42  
2  3  8  9  10  12  13  17  20  23  31  33  46  47  49  52  54  79  
1  2  5  7  9  12  13  17  18  19  24  30  32  33  34  38  48  115  
3  5  17  19  50  53  
3  11  17  53  
1  5  7  8  10  11  12  13  15  16  18  19  21  22  24  29  31  32  35  37  48  52  64  79  87  
8  19  31  44  
1  5  6  7  9  11  14  20  21  25  50  
7  8  32  45  
2  4  5  7  8  10  14  15  16  19  20  24  30  44  57  63  
2  4  5  12  15  20  33  42  47  52  
1  2  3  7  8  9  10  11  12  13  20  21  25  29  31  33  37  49  53  71  95  
2  3  4  6  7  9  10  11  17  19  22  38  71  
1  3  4  5  6  7  8  9  11  12  16  21  22  29  34  40  49  57  59  68  
1  2  4  5  6  7  8  9  11  12  13  14  15  17  18  20  21  25  30  31  35  51  
30  
1  2  3  4  5  7  9  10  11  14  15  23  24  25  26  35  38  
1  2  3  4  6  9  11  12  14  15  17  19  27  28  30  42  
1  2  3  4  7  8  12  16  21  23  
1  2  3  5  18  22  36  54  
1  2  3  6  7  8  9  10  11  12  16  17  18  22  23  25  28  30  
1  2  6  8  10  11  12  14  20  21  22  23  27  45  47  50  51  
18  
2  3  4  5  6  8  10  11  12  13  14  17  20  21  22  24  31  32  36  37  40  
1  2  3  5  6  8  9  11  12  27  38  
2  3  4  6  9  10  11  12  15  18  21  22  24  28  45  46  48  56  
2  3  4  7  8  23  25  26  27  38  39  42  49  50  75  105  
3  11  14  23  54  62  111  
1  2  6  9  13  14  19  26  38  67  
7  8  9  17  19  20  21  23  30  31  36  43  73  
1  4  5  6  8  12  14  16  18  22  24  25  26  28  33  37  39  40  46  81  
1  3  6  7  8  9  15  18  19  20  22  23  25  27  33  38  39  41  65  
1  3  6  18  23  51  81  93  114  
8  23  26  
9  12  
1  2  6  13  18  48  
2  7  12  13  18  20  26  29  31  47  56  
1  2  20  49  
3  6  7  11  24  25  28  30  33  39  43  44  45  57  68  88  
1  2  3  4  6  7  11  15  21  22  23  38  40  41  54  84  
1  4  6  9  10  11  12  19  20  22  25  26  27  29  31  34  41  43  67  68  77  
2  3  7  15  21  28  33  37  41  43  
1  2  4  6  9  10  15  16  17  25  30  36  37  44  53  60  
1  2  5  9  11  18  26  34  43  55  56  59  
10  
2  3  4  5  7  8  11  14  15  16  17  19  21  22  24  25  32  37  48  60  61  
3  5  6  7  8  10  14  16  17  27  32  36  81  
1  2  3  4  6  11  15  19  20  24  26  27  28  78  
2  4  5  7  10  11  14  17  21  24  25  41  45  49  59  
24  27  
1  4  6  7  8  9  11  14  15  18  19  29  42  
1  3  4  6  8  10  18  21  27  32  33  43  
1  2  4  17  22  23  37  93  
9  12  18  31  
2  4  6  7  9  23  31  33  35  37  
1  2  5  7  8  10  17  23  24  30  31  32  37  46  48  55  58  71  
1  2  3  4  5  8  10  12  20  22  23  24  31  42  47  48  
1  2  3  4  5  6  15  19  22  38  
5  6  9  
3  4  5  6  10  11  12  13  14  15  28  50  59  
33  
1  3  4  5  7  9  19  23  29  42  
1  2  15  27  77  
3  
3  7  9  12  15  16  21  27  38  39  46  
1  3  6  9  10  12  14  16  18  24  33  34  41  42  46  47  61  
2  3  4  7  10  11  12  13  20  24  46  57  
1  3  4  5  6  7  8  9  10  11  12  13  15  18  19  23  25  27  29  30  54  74  
1  4  5  6  9  17  18  21  24  25  26  27  28  44  61  
2  3  7  9  11  14  17  20  21  22  23  24  35  37  47  63  66  82  
1  2  5  14  22  30  56  57  61  
3  4  5  9  10  11  15  17  18  19  21  23  26  35  
1  2  4  15  17  20  37  59  79  87  
2  3  4  8  9  10  14  15  17  19  27  28  45  86  
1  3  4  6  8  10  11  13  14  17  18  22  24  25  30  31  59  62  70  73  87  117  
1  2  3  4  5  10  13  15  17  20  21  23  29  33  36  38  40  50  108  
2  3  4  7  10  11  17  19  22  23  26  31  32  33  34  87  91  
2  3  4  7  8  10  13  14  17  18  19  21  23  27  35  36  39  48  49  54  108  
2  5  30  50  
1  2  6  7  11  17  20  28  32  35  45  50  
2  3  4  8  9  10  11  18  19  21  25  34  44  61  96  
1  2  3  6  11  12  15  16  17  26  52  73  88  
4  5  6  9  10  11  12  16  21  22  24  27  31  36  43  45  48  
1  6  7  8  15  19  21  53  57  
13  
1  3  5  11  15  20  22  24  28  34  
2  4  5  6  7  12  14  15  17  21  38  39  49  
3  7  8  9  14  26  
5  7  8  11  18  21  22  26  29  30  40  55  
2  6  34  49  
1  2  4  5  6  8  9  11  14  17  19  20  24  26  31  36  43  54  60  78  137  
3  9  10  12  14  16  19  20  26  32  39  60  66  
1  4  6  10  13  18  48  56  
1  3  4  5  6  7  8  10  13  18  20  22  27  29  30  32  40  42  47  57  62  70  71  
1  2  3  7  8  9  10  11  17  23  34  47  51  87  
1  2  10  18  30  34  38  
2  3  6  13  15  16  18  25  26  36  53  
3  4  5  12  21  22  24  51  
3  4  5  6  8  12  14  15  18  22  26  27  29  30  47  
1  2  3  4  10  11  15  29  32  35  44  46  67  70  
2  3  4  5  7  8  10  11  13  15  24  44  77  80  93  
1  3  6  7  8  9  11  12  14  15  16  20  21  23  33  36  47  63  81  
1  2  3  4  5  9  12  13  14  15  21  22  24  27  44  46  50  56  62  
1  2  3  4  5  7  9  10  11  13  14  17  28  35  70  92  103  
4  6  13  30  40  47  62  88  
2  3  5  13  24  32  
3  4  5  6  7  8  9  10  14  16  19  23  31  33  37  39  40  68  
2  8  12  54  59  
5  12  41  44  
1  2  3  4  6  11  12  18  21  24  25  30  39  59  78  79  
4  9  10  14  15  47  55  90  
1  3  4  5  7  10  12  17  20  23  24  25  29  31  33  34  41  43  51  59  
1  2  4  5  7  14  15  18  31  33  36  51  57  90  
1  2  3  4  5  6  7  8  9  10  11  12  18  21  24  25  29  43  54  77  
1  19  23  28  
1  2  4  6  7  9  11  12  15  17  25  26  41  56  
1  3  4  6  8  12  14  16  20  23  25  28  30  31  52  
1  2  3  4  5  6  7  11  12  13  21  22  25  28  35  36  64  68  77  
2  3  4  6  7  10  12  22  24  26  29  33  43  47  48  50  53  
1  2  3  4  6  11  13  16  19  25  27  38  39  47  48  
2  4  5  6  7  9  10  12  13  16  18  19  23  31  36  37  38  39  46  48  
1  3  4  6  12  13  16  18  21  23  25  29  33  35  40  41  44  60  87  
2  4  5  10  12  13  16  35  38  63  
1  2  3  5  6  8  10  12  14  15  16  19  22  38  40  
1  2  3  4  5  6  7  8  11  12  17  23  24  27  36  58  66  68  
1  2  3  5  8  9  11  13  14  15  16  18  20  25  26  27  30  31  37  41  47  70  88  107  
2  3  4  13  31  
1  5  6  7  9  10  11  13  14  20  23  28  38  39  40  49  76  86  96  
3  4  5  7  8  11  12  14  18  19  20  26  30  33  37  42  43  45  56  61  
2  3  6  7  11  25  28  29  69  
4  6  8  9  10  12  14  16  19  26  43  74  
1  2  3  5  6  12  14  15  16  17  18  19  23  24  29  36  39  45  47  60  
1  7  9  10  14  15  18  23  26  28  37  
1  2  4  5  8  9  12  16  17  18  19  21  24  26  39  40  42  47  67  89  
1  2  7  8  9  10  11  12  13  14  16  20  21  22  24  35  36  49  76  
1  7  8  11  12  13  14  15  17  18  19  21  24  25  29  35  42  63  66  
5  6  11  14  15  21  22  24  26  27  62  
2  3  4  5  6  7  8  9  10  13  15  24  32  
8  16  
1  2  3  4  6  7  8  13  14  16  19  20  24  30  39  44  51  52  
5  12  24  25  47  
2  3  9  14  16  17  18  19  21  
2  3  5  6  8  10  15  16  18  22  26  27  29  30  31  36  54  55  61  
1  2  4  6  7  9  10  11  14  15  24  26  35  41  105  
1  2  4  6  7  9  10  11  14  15  18  22  25  41  45  48  58  
3  10  11  13  15  20  25  26  27  38  51  52  62  110  
4  5  6  15  19  20  28  29  30  50  54  89  
1  3  8  9  11  15  17  18  21  22  23  25  30  31  32  48  72  
1  2  3  4  9  11  13  17  18  19  21  28  39  87  
6  14  20  24  42  
1  2  3  4  9  12  14  15  19  20  21  23  24  30  45  
3  5  6  8  9  11  13  19  60  
12  43  
1  2  3  4  5  8  9  10  13  16  18  19  21  22  26  37  39  42  54  62  
4  5  11  16  21  22  69  
2  6  7  9  11  17  27  42  52  56  
3  6  8  11  17  18  99  
2  3  5  8  10  11  16  18  19  26  27  28  31  35  40  65  
1  3  8  9  27  45  66  80  
2  3  5  7  8  9  10  11  14  15  19  23  40  43  44  47  54  56  
5  44  48  
82  
1  2  3  5  9  14  16  17  23  29  31  34  35  42  48  
1  7  72  
4  11  14  24  32  37  
2  4  12  14  16  17  19  27  31  33  54  94  
6  7  10  12  15  16  17  21  24  30  31  36  39  41  48  50  
8  9  13  21  28  31  34  38  46  
10  13  14  37  
3  5  9  14  17  19  20  26  41  
1  6  7  9  10  14  15  16  18  22  24  28  30  35  40  69  86  
1  5  33  39  
1  3  5  6  8  10  11  15  17  18  21  23  31  33  103  
2  3  4  5  6  7  9  11  13  15  16  17  18  20  21  23  25  27  28  34  
12  14  15  
5  6  19  20  24  25  30  34  96  
2  4  5  7  16  18  70  
5  17  
3  22  32  
1  2  4  6  7  8  9  10  12  15  19  20  23  25  26  36  42  48  61  
1  2  3  5  7  8  9  10  12  13  15  21  32  34  41  43  55  56  61  
2  10  22  75  
4  12  18  
1  4  8  9  11  13  17  18  23  27  38  
3  4  6  8  10  11  12  13  20  24  27  31  32  36  40  47  48  72  
3  6  12  23  26  32  39  48  54  73  
3  5  10  11  23  28  49  
1  4  7  11  12  16  20  28  33  37  39  58  
13  15  23  48  
1  3  6  8  
4  5  6  8  9  12  14  16  19  20  21  22  24  28  30  31  32  36  37  40  46  90  
2  5  13  15  17  18  28  30  31  
4  5  6  7  8  10  11  12  16  17  20  21  23  24  29  31  40  48  80  83  105  
10  12  13  15  24  
8  16  17  18  29  
4  12  13  23  36  42  47  
3  4  5  13  22  26  29  37  44  54  
2  3  4  5  6  7  9  10  11  16  17  18  20  37  47  48  56  71  
2  4  38  
1  2  4  5  7  8  9  10  13  30  31  37  42  44  49  50  
2  3  5  6  7  8  9  10  12  16  18  21  22  29  33  38  44  45  61  64  
1  8  30  38  42  44  83  
1  2  4  5  7  13  18  20  21  23  26  30  31  35  37  38  56  
2  8  9  10  13  14  18  20  41  42  43  
1  2  3  6  7  10  11  19  26  49  59  
6  8  9  19  49  
3  5  15  17  20  24  25  28  37  83  
1  2  4  8  21  34  37  38  45  68  
1  3  5  7  9  11  12  14  18  19  28  30  31  32  33  36  38  50  54  63  74  115  
13  16  25  
1  4  5  6  8  14  20  22  23  25  28  32  34  39  49  199  
1  5  6  9  11  51  
2  3  4  5  6  7  12  13  15  20  27  39  43  44  47  48  66  101  
2  6  9  10  13  17  20  25  34  41  
2  3  4  6  11  12  15  18  20  23  25  27  37  39  
5  6  8  11  14  17  
2  3  4  8  10  11  12  15  17  20  30  32  36  37  44  
1  2  
1  3  4  5  6  15  22  29  33  
1  2  3  5  8  9  10  12  14  18  19  20  24  31  36  40  43  45  50  66  
2  3  6  9  10  14  15  18  21  22  27  28  30  31  35  38  
1  2  3  4  6  8  9  10  13  14  16  18  24  33  37  41  44  46  
1  2  7  9  14  22  24  26  36  37  52  72  
1  2  4  7  9  10  11  12  14  15  16  19  21  28  29  33  50  58  74  
6  29  33  
61  
1  3  4  6  7  11  12  13  15  17  19  20  23  24  27  32  34  35  41  46  75  
1  5  6  8  9  10  15  18  22  23  26  27  32  33  35  46  51  
2  4  5  6  10  13  15  22  25  45  51  
4  5  9  12  26  
3  7  17  32  
7  12  25  
1  2  5  6  8  9  10  11  12  13  14  15  18  19  23  27  28  38  40  41  42  43  51  53  81  108  
1  2  6  7  8  9  11  12  15  17  20  23  25  26  27  29  36  43  44  
1  3  4  5  6  8  12  15  17  18  19  20  25  32  41  55  79  
1  6  24  52  
2  4  6  9  12  16  17  22  25  43  49  51  
1  2  3  4  6  7  8  9  10  11  12  14  17  21  27  41  44  48  57  
2  3  4  6  7  9  11  15  23  27  30  31  32  35  53  59  
2  3  5  7  9  10  12  17  18  20  34  35  42  57  67  129  
1  3  5  7  8  9  11  12  14  15  20  23  24  25  26  30  32  53  64  68  72  107  
5  7  8  9  10  15  19  30  55  90  104  
1  3  4  5  10  11  37  56  
1  2  3  5  6  13  14  15  27  30  39  41  43  50  
5  8  9  10  13  15  16  20  22  23  26  33  37  
5  13  17  19  20  33  37  62  
2  7  13  20  30  73  116  
3  5  9  16  20  21  37  46  73  76  
2  4  5  6  7  8  9  12  14  16  18  21  25  26  31  36  38  43  47  51  134  
1  3  4  5  6  7  9  11  13  17  18  20  21  22  23  24  26  27  28  37  38  45  
1  2  6  8  9  11  14  15  18  19  21  22  24  25  29  32  35  37  41  42  80  
2  3  6  7  8  10  11  12  16  17  18  22  23  29  33  34  44  45  51  56  58  77  
2  3  4  5  6  7  9  11  12  14  21  22  24  34  36  50  51  
1  2  3  4  5  7  8  12  14  16  25  31  44  59  
1  3  4  5  6  8  11  13  18  19  23  29  42  46  54  
17  19  57  
1  5  6  7  8  10  12  13  14  16  18  24  25  26  33  36  41  50  84  
1  2  4  6  7  9  10  12  13  14  16  17  19  29  34  36  48  54  
1  2  3  5  8  12  16  20  22  24  25  27  28  30  31  68  
2  5  6  8  9  12  16  17  19  20  21  23  29  31  47  53  
3  9  35  58  89  
1  2  3  6  7  9  10  11  14  15  17  20  22  25  29  32  38  40  42  47  59  62  
1  2  9  13  41  
2  3  5  6  7  8  10  11  14  15  19  20  24  34  44  68  
14  27  
1  6  8  14  16  21  33  
3  
1  2  4  6  7  8  9  10  11  14  42  57  75  
1  2  7  8  55  78  
1  2  3  4  5  7  8  11  13  15  21  24  25  26  29  32  42  45  48  61  
2  4  5  6  7  9  10  11  16  17  19  23  25  33  37  43  72  
1  2  3  4  6  7  8  9  10  12  13  14  15  16  17  18  23  24  41  42  54  57  58  66  91  
1  3  5  12  14  15  17  22  31  
2  3  6  12  13  14  17  21  32  42  59  80  
2  3  4  7  11  12  14  17  18  21  22  23  24  26  29  34  53  58  60  
1  2  3  6  7  11  12  19  29  
2  3  6  7  9  10  16  17  18  20  22  23  25  29  38  39  42  75  
1  2  4  7  11  13  18  20  22  27  71  
2  3  4  5  6  12  13  14  15  59  62  64  
1  7  9  11  13  15  21  22  24  26  37  41  48  67  75  
1  2  3  4  5  7  10  11  14  19  23  24  
3  7  8  10  12  13  16  18  20  21  29  34  37  56  66  
2  4  6  9  10  11  12  14  18  19  21  31  34  45  49  55  
2  3  8  20  31  52  
2  4  9  11  18  22  24  25  29  45  62  73  
1  5  13  18  
1  2  4  6  7  8  11  12  13  14  15  16  18  20  21  23  25  26  27  48  63  
1  2  3  4  7  9  14  16  18  23  24  25  26  36  42  
1  3  4  5  6  7  8  10  12  14  15  16  17  19  20  43  71  
2  3  4  13  14  15  38  57  
33  
2  3  6  7  8  9  10  11  12  13  17  18  20  23  24  30  
4  5  6  8  12  19  22  
1  5  6  8  10  12  13  15  16  19  21  23  27  31  33  34  43  52  53  60  72  85  
1  2  5  8  13  14  15  17  21  23  39  48  67  
3  4  5  8  9  11  18  36  38  40  43  44  74  
1  4  6  7  8  9  10  13  14  15  18  19  21  27  32  43  46  58  
1  2  4  5  6  8  10  12  14  16  20  21  33  44  
2  4  5  6  7  8  9  14  15  17  19  27  29  30  34  36  39  47  51  70  
2  3  7  10  13  16  18  20  21  23  25  30  45  
1  2  4  5  8  9  25  28  30  
1  3  5  6  8  9  11  17  22  31  34  
3  4  7  11  12  14  16  18  19  23  26  34  35  45  62  73  103  
11  20  33  45  
1  3  4  5  9  13  15  17  18  19  20  23  24  39  40  44  
1  4  5  6  7  8  9  10  12  13  15  20  21  26  32  34  35  37  42  53  54  55  64  
1  2  3  6  7  8  9  13  16  28  35  37  49  
9  10  14  15  25  
1  3  4  13  14  18  21  22  32  34  60  
8  12  14  23  28  29  30  32  35  61  
3  4  9  13  26  
1  2  4  5  6  7  8  9  10  12  13  17  21  25  33  34  59  91  
9  26  27  36  53  
1  5  8  9  10  14  16  18  32  36  42  62  
2  3  4  5  8  9  13  16  20  30  33  39  47  
1  5  10  13  14  19  22  24  28  77  
2  3  14  25  
4  10  11  15  21  24  29  55  
3  4  5  6  9  13  16  17  29  36  40  42  43  48  50  51  57  62  
1  3  5  6  7  8  9  11  18  20  21  23  25  33  49  54  
3  21  
3  4  5  6  7  8  10  11  15  17  20  21  22  26  30  33  34  38  39  41  75  
3  4  8  9  28  32  42  
1  2  4  5  8  9  10  11  12  13  15  22  24  27  28  39  45  60  96  104  
12  31  
3  9  14  15  18  22  35  59  
1  2  3  4  7  8  9  12  14  18  19  20  21  22  28  29  45  52  56  
1  3  4  7  9  10  11  12  13  14  16  22  25  30  31  36  38  44  109  
1  2  4  7  10  13  14  17  18  29  30  41  42  
1  2  5  10  18  19  24  
2  3  5  9  11  13  14  15  18  46  48  
1  2  3  4  7  9  17  18  27  
2  3  4  6  8  18  19  21  22  23  24  26  33  40  45  49  60  64  91  
2  3  5  8  13  16  17  18  19  20  21  23  27  28  31  34  40  51  74  
3  5  13  21  24  
5  10  11  12  16  17  23  33  35  50  
2  37  
2  6  8  9  11  13  14  23  24  32  41  
10  28  
2  5  9  11  12  27  41  45  49  76  
1  4  12  16  29  30  35  48  51  
2  6  8  12  15  17  27  59  83  87  
3  9  10  19  32  34  52  84  
5  
5  7  8  15  16  57  95  155  
4  5  6  34  48  52  54  83  
1  16  19  23  33  
5  6  7  29  
1  2  3  9  13  15  16  18  21  24  27  30  34  45  49  59  71  
3  6  7  9  10  13  14  15  18  19  20  21  24  25  26  30  36  43  53  111  
2  7  8  9  10  18  21  22  23  30  35  39  43  60  66  75  163  
1  5  6  7  18  19  27  29  
5  12  19  35  81  
2  3  7  8  13  15  24  43  50  
4  6  7  8  9  10  16  47  
1  5  20  22  34  37  39  51  59  
1  6  7  8  9  10  14  15  16  17  21  26  27  29  33  37  38  40  43  58  
3  5  6  7  11  15  17  18  21  25  27  29  32  34  35  
1  3  7  11  12  15  16  19  
5  6  7  10  19  28  50  59  64  
3  5  9  11  14  15  17  22  24  27  31  32  42  45  
7  8  29  56  
6  7  8  11  12  17  18  21  22  27  31  42  44  
4  7  28  42  68  
1  5  7  8  13  15  17  19  21  25  31  39  
2  3  6  7  8  12  13  17  23  25  40  42  
1  2  3  4  5  7  8  9  10  11  14  15  19  20  21  23  32  42  49  60  
3  19  38  
1  2  3  4  5  7  8  11  14  16  18  19  21  38  46  53  57  
4  11  34  37  40  51  93  
2  6  45  
1  2  3  4  5  10  13  15  16  24  36  39  40  41  44  49  79  
2  3  5  6  8  11  12  13  15  17  19  20  21  23  28  30  38  53  56  
1  2  3  4  5  7  8  10  11  13  14  15  16  19  23  24  27  29  31  32  38  42  73  
4  7  12  13  14  16  17  18  19  21  22  24  25  31  39  50  54  61  68  
1  2  4  5  6  8  9  14  15  16  19  25  37  106  
1  3  5  6  7  8  11  12  16  17  18  20  24  30  48  50  55  
1  3  4  5  6  8  9  10  11  13  14  15  18  20  21  22  23  24  25  27  57  68  
2  4  7  8  10  11  23  29  41  42  56  61  
3  4  5  8  10  12  16  17  19  26  30  33  47  50  58  71  
23  49  
3  4  6  7  9  10  12  13  14  16  17  19  21  27  28  32  33  78  
2  4  6  7  11  12  16  18  19  21  22  23  27  31  33  38  48  
1  2  6  7  8  10  11  12  14  15  18  25  27  33  43  48  49  50  59  62  
1  4  5  6  7  8  9  13  22  24  30  31  37  39  46  58  60  73  98  
1  4  8  9  13  14  18  29  39  42  
1  2  3  4  5  6  10  14  17  18  26  27  37  38  47  50  62  
1  2  4  9  
1  12  16  17  19  76  
4  8  20  25  28  33  34  
1  2  5  6  10  11  13  14  15  16  18  22  26  28  34  42  43  49  50  
1  10  13  14  18  22  35  48  
6  10  11  16  
2  3  14  31  45  
2  4  6  7  10  19  27  37  84  
1  6  8  18  19  20  23  28  35  43  
1  2  4  5  6  8  10  11  13  15  17  19  25  30  36  39  52  
28  34  38  
1  2  3  5  7  8  10  11  17  45  52  71  96  97  
1  2  3  7  9  10  12  19  23  25  27  30  34  41  42  52  58  61  77  99  
2  3  19  22  
1  2  5  8  13  15  21  22  33  48  49  61  76  
4  7  9  10  58  74  
9  
1  4  7  10  11  13  15  20  23  32  38  39  78  
1  8  16  18  22  25  39  55  
1  2  3  5  8  10  11  12  15  22  25  26  37  
1  2  5  9  10  11  13  16  18  19  22  23  27  29  34  35  43  48  51  59  
1  2  4  5  6  7  9  11  12  13  15  16  18  19  20  21  28  34  37  38  40  41  61  65  
4  6  10  17  24  45  50  51  70  
1  2  3  6  8  10  12  23  26  30  32  37  38  44  89  
1  3  4  5  6  7  8  13  14  15  16  17  18  22  23  25  30  31  32  39  50  102  
1  4  5  6  8  14  22  37  41  58  63  72  
2  4  6  9  18  21  51  54  56  101  
1  2  3  5  6  7  8  10  11  14  18  23  25  28  33  37  39  43  52  59  74  
1  2  5  8  9  13  19  21  26  47  64  
5  
1  2  3  4  6  7  8  10  11  16  21  23  25  26  28  31  32  46  47  60  92  
12  32  40  62  
3  5  7  8  10  11  12  17  18  19  20  21  23  25  27  29  30  33  34  35  39  53  57  81  93  
2  11  
1  2  3  6  7  8  9  11  13  20  22  23  26  28  32  33  37  38  56  64  84  157  
2  3  4  5  6  8  9  11  12  14  16  21  22  26  28  31  40  69  74  
4  6  8  9  10  18  19  21  22  23  24  27  29  34  36  46  67  74  79  
2  3  4  6  7  9  11  14  17  19  20  21  22  24  25  29  34  37  38  61  
1  3  4  7  9  12  15  17  18  25  49  
2  4  5  8  9  12  16  23  27  28  34  37  38  59  62  
2  4  6  16  19  24  27  
3  6  10  19  28  
1  3  7  9  11  12  15  16  17  26  31  32  43  45  54  57  58  63  
2  6  7  8  16  18  38  46  54  92  
3  16  19  
4  6  7  9  11  14  16  23  26  28  30  36  43  77  
2  3  4  8  9  13  16  17  18  22  24  29  34  40  42  43  45  54  56  66  82  
2  5  17  21  
2  3  4  6  11  12  13  15  19  20  22  27  30  34  37  39  47  49  
1  2  3  7  10  11  12  16  18  23  25  27  29  61  62  67  69  
1  4  6  11  14  23  30  33  38  42  54  
1  4  5  9  10  14  20  23  51  52  58  
1  5  17  19  38  46  47  59  
2  3  5  8  9  10  11  13  15  16  18  21  25  56  67  90  
1  4  7  8  9  10  11  13  14  15  18  21  29  38  44  46  99  169  
1  3  7  8  10  11  16  18  20  21  22  23  25  27  28  31  35  63  
1  2  6  7  13  18  19  21  26  31  40  
1  8  9  10  12  14  21  23  25  29  31  32  42  65  99  
13  
1  3  4  6  7  8  12  17  20  22  44  52  
7  14  16  24  29  55  62  77  104  
2  4  5  10  12  26  48  90  143  
3  7  9  12  17  30  36  37  64  
3  7  14  15  
2  5  6  8  11  23  29  33  56  
1  3  5  6  8  10  11  14  15  16  17  29  46  65  
2  4  9  11  13  23  26  34  41  
2  3  4  6  10  11  13  15  20  21  22  24  28  29  30  32  39  56  60  
6  7  13  14  17  19  27  32  39  41  43  45  
1  2  3  5  6  7  9  10  12  16  17  18  19  23  24  27  29  30  34  36  60  61  64  66  107  
19  24  28  
9  12  24  
1  4  5  7  15  29  45  46  48  64  
2  3  4  5  6  7  9  10  12  14  16  18  19  20  21  27  29  34  37  41  47  53  55  
1  2  5  6  7  9  12  16  17  18  22  23  33  34  71  89  
1  4  6  7  10  11  20  25  26  37  48  56  
1  2  5  12  13  19  30  32  
3  4  5  7  8  10  14  15  24  25  32  36  45  52  53  61  
4  
